ID,class,RTOE_X,RTOE_Y,RTOE_Z,V_RTOE_X,V_RTOE_Y,V_RTOE_Z,RHLX_X,RHLX_Y,RHLX_Z,V_RHLX_X,V_RHLX_Y,V_RHLX_Z,RHEE_X,RHEE_Y,RHEE_Z,V_RHEE_X,V_RHEE_Y,V_RHEE_Z,RPMT5_X,RPMT5_Y,RPMT5_Z,V_RPMT5_X,V_RPMT5_Y,V_RPMT5_Z,FS,FO
114,1,-688.727614612584,-630.816782311732,32.821524160245,36.3780690720375,39.109442305924,14.3591283882575,-638.992596535735,-595.03104836078,17.427229287707,5.64708289939517,6.5357422973983,-3.29034680624396,-857.850020682803,-642.415005471957,57.5120906376775,82.6031071594457,297.290016069945,285.583753638881,-758.410987157042,-673.470528582473,20.1629063279871,38.5786789131032,107.351899416627,100.180416457895,0,0
115,1,-688.485094152104,-630.851721093017,32.9172516828334,46.1724881170767,49.2420022999505,17.1136241511476,-638.954949316406,-595.055319612133,17.4052936423321,13.9745709269278,14.2778747564929,-2.92729823734508,-857.29933330174,-642.673630385944,59.4159823286033,85.8471562896682,314.041543154602,302.080049960107,-758.153795964288,-673.498242237904,20.8307757710397,46.3677432129998,117.363609079522,107.815811110913,0,0
116,1,-688.177277564657,-630.870626822654,33.0313425105077,56.7995526657228,60.0308475850588,19.4297060902716,-638.861785510226,-595.07993093101,17.3857783207498,22.7973080062895,22.9234966363677,-2.40196704888458,-856.727018926475,-642.952939933209,61.4298493283374,89.8139850064126,332.033858863043,319.655958068594,-757.844677676201,-673.529093393536,21.5495478451125,54.6199716479862,127.828765103704,115.571847286055,0,0
117,1,-687.798613880219,-630.872175599492,33.1608738844429,67.9112482791709,71.1145799002613,21.1032185117688,-638.709803456851,-595.102889850155,17.3697652070905,31.6724621067578,31.7213507010429,-1.76046425540033,-856.128259026432,-643.248109705048,63.5608890487947,95.1361179027742,351.677326417126,338.564707236722,-757.480544531881,-673.56291878023,22.3200268270195,63.2382296050821,138.770236609378,123.52370171363,0,0
118,1,-687.345872225024,-630.855449781855,33.3015620078546,79.0847345728992,82.0711802967497,21.9381720486389,-638.498653709473,-595.121931013899,17.3580287787212,40.0694218479885,40.0835105780326,-1.06266317673995,-855.494018240414,-643.552498823189,65.8179870970395,102.574888680806,373.428372731667,359.064258557073,-757.058956334514,-673.599598338626,23.143518171777,72.1377488818973,150.231135914395,131.778372217833,0,0
119,1,-686.818640661205,-630.819986503661,33.4478164881789,89.8392021947927,92.4377398838875,21.7635820545333,-638.231524230486,-595.134554455969,17.3509443575429,47.3853627476387,47.3868905306383,-0.380514700624879,-854.810185649209,-643.857813469154,68.2117488207533,113.005768690289,397.792930033286,381.403869182241,-756.578038008635,-673.639088075023,24.0220406532293,81.2571818820231,162.284787488712,140.476413119243,0,0
120,1,-686.219712646573,-630.765808102124,33.5929070352091,99.6601232446551,101.73702903641,20.4519659694469,-637.915621812169,-595.138087060488,17.3484075928721,52.9697637426523,52.9701589025224,0.204605000110547,-854.05681385794,-644.154392403151,70.7544412819683,127.394609244118,425.336036190785,405.80950853575,-756.036323462755,-673.681454589494,24.9585500740242,90.5705688882847,175.044945897149,149.7922065242,0,0
121,1,-685.555311824942,-630.693432470557,33.7292534750054,108.030741417053,109.509941296884,17.9383988061577,-637.562490053884,-595.129772697399,17.3497716262062,56.1582898683468,56.1615552117899,0.605609502614612,-853.207516462979,-644.43160747913,73.4598380055399,146.764833830508,456.693583425407,432.468626252405,-755.432519670166,-673.726907307991,25.9571647841856,100.099860955459,188.675206830447,159.932334157949,0,0
122,1,-684.835106882162,-630.603862760241,33.8488428003798,114.470137380357,115.352306368685,14.2387581163891,-637.188101454762,-595.106895391264,17.3538090228903,56.3158393459901,56.3206293962926,0.734530020611679,-852.229084237442,-644.67836337916,76.342962180556,172.156215826107,492.578610410181,461.514815348391,-754.765187263796,-673.775823905543,27.0233803452386,109.927530227662,203.396403013932,171.131630206261,0,0
123,1,-684.071972632959,-630.498557440111,33.9437678544891,118.576638818712,118.953842241852,9.46558558971731,-636.812662525789,-595.066938018075,17.3587058896943,52.8878205318222,52.8902644386856,0.508440545064026,-851.081376131935,-644.883672058005,79.4197276162119,204.576521513309,533.772717663634,493.012941987871,-754.032337062279,-673.828764223342,28.164257879947,120.208680162091,219.4907369877,183.646554111674,0,0
124,1,-683.281461707501,-630.379383345598,34.0068717584205,120.074753547567,120.136135949452,3.8398855915446,-636.460077055576,-595.00777647015,17.3620954933281,45.4579090634411,45.4581359462099,-0.143622017872147,-849.71753265518,-645.03726933479,82.7064805627977,244.947945598267,581.094546570744,526.945325438463,-753.230945861198,-673.886468210008,29.3885682406914,131.181949223151,237.301575677222,197.745629577261,0,0
125,1,-682.480963350518,-630.248555850521,34.0324709956975,118.863227876903,118.885532407518,-2.30279710404133,-636.157024328487,-594.927906078122,17.361138013209,33.8096841209108,33.833639263214,-1.27295146707613,-848.084546351191,-645.13023437251,86.2194493990541,294.050869005576,635.342148247619,563.199548807493,-752.356399533044,-673.949834077819,30.7068724378732,143.17839573734,257.228300673616,213.696854589669,0,0
126,1,-681.688541831338,-630.108571512162,34.0171190150039,115.061318414399,115.375849830665,-8.51350273907805,-635.931626434347,-594.826693478253,17.3526516700951,17.9887140257335,18.2214518746804,-2.90301156071955,-846.124207224487,-645.155568143421,89.9741130577708,352.467975099393,697.213208655152,601.558463370391,-751.401876894795,-674.019873947591,32.1315181351376,156.627474352825,279.716366056903,231.752194634559,0,0
127,1,-680.921466375242,-629.962139308317,33.9603623300767,109.049966112769,109.975695031807,-14.2393254240769,-635.811701674176,-594.704643263079,17.3332982596903,-1.63907391013822,5.28203378404097,-5.02128644999011,-843.774420723825,-645.108685050942,93.9845028135734,420.532119795422,767.2138317375,641.692917079272,-750.357693732442,-674.097645718553,33.6765327660347,172.059183084593,305.243602692941,252.129519297579,0,0
128,1,-680.194466601157,-629.812116767279,33.8654334939162,101.504329809643,103.238290519384,-18.8418592304441,-635.822628833577,-594.563664908381,17.2998230166904,-24.3374668960314,25.4881065778867,-7.57174233649618,-840.970873258522,-644.987773229303,98.2624555941019,498.281517376569,845.570163676964,683.157691270172,-749.210632511879,-674.18416166822,35.3573962280186,190.101491004356,334.304526180753,274.992616887906,0,0
129,1,-679.517771069093,-629.661456788401,33.7398210990466,93.4141221607263,95.8844188762435,-21.624605526479,-635.984878612884,-594.407321936936,17.2493447344471,-48.9635174655348,50.0659538938474,-10.4486217609368,-837.648996476011,-644.793984058319,102.81684020257,585.42574075243,932.156371030227,725.391068401529,-747.943289238516,-674.280276257302,37.1906803406046,211.472264286238,367.394644843114,300.430202371615,0,0
130,1,-678.895010254688,-629.513169720937,33.5956570622034,86.088434047565,88.8225927710334,-21.8685735658934,-636.311302062654,-594.241042414616,17.1796872560408,-73.9495749035143,75.1703664783912,-13.492381853667,-833.746158204329,-644.531420242878,107.65278065858,681.325719567809,1026.44836338598,767.718377110489,-746.533474143275,-674.386557651394,39.1935483564154,236.965101464608,404.99638411447,328.435095313615,0,0
131,1,-678.321087361037,-629.370303344461,33.4498665717641,81.1422602686093,83.3085447182846,-18.8745124858812,-636.804299228677,-594.072268066933,17.0897380436831,-97.3083637966681,98.6954527917307,-16.4886244720424,-829.203986740543,-644.206904214781,112.77090317265,784.990346143451,1127.50746210615,809.359767697065,-744.953706800177,-674.503149412021,41.3831156585061,267.428769086416,447.567379650926,358.884957601347,0,0
132,1,-677.780138959247,-629.235940890513,33.3240364885249,80.4627565806811,81.3540542938902,-12.009452672428,-637.453021653988,-593.910518955423,16.9798138805361,-116.66478551104,118.229407272173,-19.1708258975078,-823.970717766254,-643.829524034092,118.166634957297,895.09148130814,1233.99395549423,849.442359601817,-743.170848339601,-674.629630469061,43.7756820425151,303.740289409956,495.530889353111,391.52611521103,0,0
133,1,-677.243720582042,-629.113214363634,33.2439734707087,86.1543501922995,86.1576547106657,-0.754591402625948,-638.230786890729,-593.767352138154,16.8520083745527,-129.316759026273,131.047443330119,-21.2275349087395,-818.003441224199,-643.409971416039,123.829584021309,1009.9981239027,1344.20793091737,887.016770559703,-741.145913076868,-674.76488266859,46.385856143922,346.772156170658,549.267300598813,425.9620161609,0,0
134,1,-676.669358247427,-629.005327439073,33.2389428613578,100.463151896486,101.613844698349,15.2488866939127,-639.092898617571,-593.656196351788,16.7104914751611,-132.325618202788,134.193905042572,-22.3144553557749,-811.270120398181,-642.959704643255,129.743029158374,1127.82932357847,1456.1536491602,921.077883155982,-738.834098702397,-674.906975706829,49.225602918328,397.354617949884,609.105378214325,461.647776300848,0,0
135,1,-675.99960390145,-628.915579467506,33.3406021059839,125.682611827983,130.780880005988,36.1596413040452,-639.975069405589,-593.592050641373,16.561728439456,-122.634423860023,124.604780200828,-22.071459702903,-803.751258240991,-642.489986329476,135.883548379414,1246.52414939908,1567.62333017598,950.5895277547,-736.185067916064,-675.053078959808,52.3032547603336,456.234439828296,675.312025623672,497.892024304977,0,0
136,1,-675.161719822597,-628.8473799569,33.5816663813442,164.043931294157,175.335833413517,61.9051135559147,-640.792632231323,-593.591042955951,16.4145853747699,-97.2101672223062,99.2753830394973,-20.1441074820945,-795.441097244998,-642.010860546956,142.220811897778,1363.9257644189,1676.29598385774,974.512562593176,-733.143504983876,-675.199408513789,55.6225349223668,524.031996791564,748.079794392954,533.866879584838,0,0
137,1,-674.068093613969,-628.804241657043,33.9943671383837,217.596277048335,236.309284809011,92.1625645349049,-641.440700012805,-593.669854666966,16.2802913248893,-53.2034245167097,55.6176805334165,-16.2087016016692,-786.348258815538,-641.530144051323,148.717562315066,1477.87549597986,1779.84658688383,991.835617037574,-729.649958338599,-675.341215603774,59.1816474529324,601.198928658437,827.512014794612,568.626400028512,0,0
138,1,-672.61745176698,-628.789740306049,34.608784235283,288.083210989095,314.574925930467,126.354452119314,-641.795389509583,-593.845028077047,16.1722333142115,11.8832015527403,15.5305404911722,-9.99936041979144,-776.495755509006,-641.052510844559,155.329799761983,1586.31183240063,1876.06047289884,1001.6075420838,-725.641965480876,-675.472819802501,62.9724901197892,687.978858002072,913.606095894968,601.133254277794,0,0
139,1,-670.696897027053,-628.807430372263,35.4511472494118,376.822806983984,410.828212128227,163.659378030064,-641.716168165898,-594.132185284471,16.1055709114129,100.028302857379,100.037212197026,-1.33508487570975,-765.920343293002,-640.578747190051,162.007183375875,1687.36861245955,1962.94738952124,1002.9703982245,-721.055439760862,-675.587686914917,66.9800451483078,784.373803696616,1006.23616405255,630.292752553677,0,0
140,1,-668.184744980493,-628.860708778272,36.5422097696122,484.599538519654,525.415468153029,203.038669816871,-641.049312813515,-594.545197031838,16.0966703455748,212.53810766687,212.766490163951,9.85556320423147,-754.671219209938,-640.105245140032,168.693652697372,1779.4663829354,2038.84942532918,995.191625350586,-715.826281069551,-675.67854796709,71.181996831999,890.118882237976,1105.13671030354,654.992766329483,0,0
141,1,-664.954081390362,-628.952622531088,37.8958009017247,611.576064597494,658.186291523718,243.277437427284,-639.632392095736,-595.095348073183,16.1623741002697,349.917936163661,350.707147707268,23.5147061204637,-742.808109990369,-639.623787075092,175.328263533042,1861.39103580277,2102.53703039401,977.693907115689,-709.892155187965,-675.73755233746,75.5486152741955,1004.66765405102,1209.88925076597,674.147538764818,0,0
142,1,-660.876907626379,-629.085621175404,39.5176504845732,757.23243038326,808.400479970827,283.037775558184,-637.299605854645,-595.790549910101,16.3191388077395,511.779694410143,513.297364568457,39.4427288912004,-730.39883641835,-639.121652821929,181.846222913814,1932.35442298778,2153.28769141273,950.08118913551,-703.194370827625,-675.756445367115,80.0429321992943,1127.19003228971,1319.91412695094,686.742989502898,0,0
143,1,-655.828691423824,-629.261260683456,41.4045689882945,920.338900714074,974.686535326963,320.920784587237,-633.887741225244,-596.634651554796,16.5820903336808,696.794625386894,699.146255366078,57.2951692932936,-717.516473598432,-638.582056366008,188.18009750805,1992.0326678031,2190.94245630621,912.159359569553,-695.67977061236,-675.726759047503,84.6212187959803,1256.58403373896,1434.46945084067,691.88089404714,0,0
144,1,-649.693098752397,-629.479871342366,43.5440408855427,1098.96669474228,1155.04621666582,355.533354948923,-629.242443722665,-597.626893881934,16.9640581289694,902.697764687116,905.941117169682,76.5901652141778,-704.236255813078,-637.98489321288,194.261159905181,2040.57929280025,2215.93635167582,863.950267361,-687.302543720767,-675.640003840461,89.2337580896279,1391.50184241013,1552.6588176244,688.81929888469,0,0
145,1,-642.366654120782,-629.740207876542,45.9142632518689,1290.53840243457,1346.9009766449,385.55527843441,-623.224458624751,-598.761543418802,17.4746592303973,1126.34699622246,1130.49264330271,96.7267318903982,-690.632393861076,-637.30775448434,200.020828354254,2078.61196876601,2229.29967700573,805.698040956132,-678.025864771366,-675.487850399116,93.8258867488591,1530.38972534606,1673.44878086033,677.006728709647,0,0
146,1,-633.763064771218,-630.039104902789,48.4846317747649,1491.91702740639,1547.17623639534,409.802256950026,-615.715478649934,-600.027728118558,18.1195041096666,1363.83555323874,1368.84603466451,117.013034909515,-676.774980735969,-636.527142206262,205.392148627295,2107.17352964639,2232.62806864831,737.867067210524,-667.823266602392,-675.262291820802,98.3392649402568,1671.5403563706,1795.69625887285,656.108139832457,0,1
147,1,-623.816951255175,-630.371164338754,51.2166468210985,1699.5296646066,1752.41831250023,427.28077549585,-606.623241628343,-601.409482440871,18.8995910090634,1610.65262158363,1616.44347382749,136.702731008805,-662.727157204993,-635.619803966993,210.311262408699,2127.66973975174,2228.02004973788,661.131469965521,-656.679664226588,-674.955779816417,102.713319205807,1813.15515122938,1918.18509840898,626.021141279308,0,0
148,1,-612.486753491131,-630.72850312882,54.0651853244041,1909.51906701219,1958.93708284367,437.231548789638,-595.885557484452,-602.88599401922,19.8109425491221,1861.88277654716,1868.32647021019,155.0365301634,-648.542692273315,-634.564095659335,214.718805541802,2141.78797929719,2217.98162918163,576.356451447606,-644.591963218392,-674.561331462504,106.886793481002,1953.41338705376,2039.67006650129,586.881691195535,0,0
149,1,-599.756626377717,-631.10058930062,56.980062316335,2117.9140612964,2162.96574747126,439.159257783455,-583.473005640804,-604.432031458405,20.8445194168781,2112.43172064365,2119.36464763226,171.285537194271,-634.264105744667,-633.34127912473,218.561181884786,2151.40237656724,2205.29875020231,484.572380294908,-631.569207304701,-674.072606606495,110.799338088972,2090.54425582613,2158.92568779212,539.059217378789,0,0
150,1,-585.637199302407,-631.474191771668,59.9077907015581,2320.8081774987,2360.82771784604,432.847451887278,-569.39012750318,-606.018524116678,21.9864229981732,2357.26353523338,2364.49566265496,184.792760066903,-619.921423234219,-631.936667191932,221.791664420085,2158.47183046059,2192.88064237568,386.942978763092,-617.632245599193,-673.483959133842,114.393066204831,2222.89765505865,2274.79669876336,483.141838220846,0,0
151,1,-570.165144785749,-631.833464531279,62.7934403808066,2514.53512984748,2549.10001848924,418.358679872611,-553.675037268291,-607.61326102809,23.2183747319526,2591.63366254973,2598.9601243649,195.009454073088,-605.531611031148,-630.340541112271,224.371284278506,2164.93774931909,2183.58106146255,284.729333843761,-602.812927898802,-672.790467859052,117.61401179297,2349.00949321853,2386.24653660812,419.91300794746,0,0
152,1,-553.401577253433,-632.160179062476,65.582498246624,2695.82999978758,2724.76274650646,396.021005749381,-536.397479517959,-609.181677328642,24.5184377591065,2811.30220816322,2818.5159018553,201.523654660652,-591.098692702354,-628.548783396177,226.269479837464,2172.62814839032,2180.01014729433,179.251697699981,-587.152864610678,-671.987954553851,120.413431845953,2467.65759460635,2492.40026940816,350.321422021904,0,0
153,1,-535.429377254849,-632.434110549162,68.2226382849532,2861.9661012085,2885.32512835298,366.402963741466,-517.655464796871,-610.687701571017,25.8619287901775,3012.71385375418,3019.61803732361,204.079216795206,-576.614505046419,-626.563190777319,227.464491155464,2183.17402510775,2184.35606275793,71.8511308344233,-570.701813979969,-671.072997470915,122.748907992765,2577.90490623211,2592.57871630176,275.446355295071,0,0
154,1,-516.349603246792,-632.63357407859,70.6653247098963,3010.85942947033,3028.92045847185,330.279638668394,-497.570705771843,-612.094644319393,27.2224569021455,3193.1335045653,3199.55343212557,202.584765096072,-562.0600115457,-624.391455482853,227.94349869436,2197.94274957989,2198.23996372036,-36.1470284604223,-553.515781271755,-670.042948659377,124.585217028066,2679.12758342598,2686.32117092529,196.46074693812,0,0
155,1,-496.277207050323,-632.73609732924,72.8671889676856,3141.1351102527,3154.36453789381,288.592891561348,-476.283149074741,-613.366115297844,28.573022002786,3350.73045482236,3356.52321845222,197.113000927804,-547.407059881835,-622.046826184332,227.702518504624,2217.99169227474,2222.62674990358,-143.466101874969,-535.654930715582,-668.895962475379,125.894955340987,2771.02658128995,2773.39506131618,114.594292691509,0,0
156,1,-475.336306315305,-632.719206797555,74.7911415780946,3252.15312116667,3261.17493311555,242.408788757962,-453.944946042592,-614.466961217894,29.887108675638,3484.60795416448,3489.66988040614,187.891670883679,-532.620448600003,-619.547481149729,226.746077825458,2244.04361465139,2257.80555761403,-248.905989351633,-517.181420173649,-667.6310410916,126.658917292263,2853.6225091403,2853.79195914027,31.0985752327376,0,0
157,1,-453.655285507527,-632.561296117353,76.4072001698143,3343.99348876712,3349.55120063927,192.875070413631,-430.714226348162,-615.364217923797,31.1397198148626,3594.77919275457,3599.05034101445,175.288084292809,-517.66015783566,-616.915663751973,225.086704563114,2276.48363295965,2303.43985007155,-351.365069072722,-498.157270112714,-666.248100649549,126.866241127148,2927.23461334724,2927.71047813168,-52.7841091984108,0,0
158,1,-431.361995582413,-632.242538055247,77.6930339725719,3417.4039079156,3420.3189271826,141.181067451353,-406.749031729798,-616.028068171806,32.3083070434813,3682.09451216456,3685.56001576078,159.789340264746,-502.483600282596,-614.176643570247,222.744270769295,2315.3759821756,2358.67249963356,-449.855556475616,-478.642372690399,-664.748059128398,126.514347065826,2992.44574546202,2995.52765943869,-135.847042398842,0,0
159,1,-408.579302862976,-631.745796811325,78.6342410889142,3473.71506944665,3474.8428040112,88.5219119069475,-382.201734982035,-616.432790545376,33.3735693119129,3748.12777863051,3750.81594856497,141.980403815774,-487.047760401425,-611.357574248668,219.745233726125,2360.49748206908,2422.26215847307,-543.51228276474,-458.692734387319,-663.132944174767,125.6087001165,3050.05596857418,3057.76132207897,-216.939833518689,0,0
160,1,-385.421202399998,-631.05749466406,79.2243871682939,3514.73075352314,3514.91581530222,36.0682533581837,-357.214216457831,-616.557676755073,34.3201053373514,3795.0321027357,3797.00938625618,122.521910379047,-471.311110520965,-608.48632188334,216.121818507693,2411.38363052908,2492.72614686979,-631.59530532192,-438.359027930158,-661.406016203061,124.162434559709,3101.02800021361,3115.0264719147,-294.983495505308,0,0
161,1,-361.989664043177,-630.168386953574,79.4648421906818,3542.60085567443,3542.63285767753,-15.0579437931974,-331.914002439593,-616.387885404481,35.1369180732117,3825.37633909864,3826.73940838862,102.129153422333,-455.235219650771,-605.590335204722,211.91118313888,2467.38266933791,2568.47058589502,-713.487150310976,-417.685507928734,-659.571899199182,122.195877923007,3146.42795673819,3167.98915431749,-368.980209400979,0,0
162,1,-338.372325005348,-629.074201904456,79.3644558987271,3559.68593511938,3560.25765825745,-63.8015399038302,-306.411493512269,-615.915191929057,35.8177790960273,3841.97404179282,3842.83950512266,81.5531993334744,-438.786001855185,-602.695621737572,207.154602136807,2527.7127930136,2647.8967565031,-788.685786061222,-396.709321550479,-657.636709020681,119.736009860334,3187.36485165553,3217.32108293225,-438.018553387,0,0
163,1,-314.641085437885,-627.776106686977,78.9391122993683,3568.42164750714,3570.0917098713,-109.186823812138,-280.79833323365,-615.138588438942,36.3614670915838,3847.71587167811,3848.20836526986,61.5645463667565,-421.934583235094,-599.825883234094,201.896696896399,2591.51787509414,2729.480154342,-856.794617171693,-375.460222539442,-655.608166778325,116.815886171087,3224.93203375301,3263.65799917495,-501.275286895637,0,0
164,1,-290.851607787838,-626.280968101527,78.2112001406207,3571.19063308279,3574.35312985392,-150.325510404161,-255.146894089129,-614.064684888916,36.7718974006955,3845.41501128756,3845.65474120188,42.9392535194111,-404.657797401133,-597.001849945496,196.184732781921,2657.91761364938,2811.82364820588,-917.510865146676,-353.960675647755,-653.495683310734,113.474050925116,3260.15327634778,3307.56407279622,-558.014973249927,0,0
165,1,-267.043670233952,-624.601384943465,77.2090300712596,3570.20819729955,3575.07195586796,-186.421344187505,-229.510794013879,-612.707865143561,37.0581590908249,3837.6731520056,3837.76427987771,26.4470467290877,-386.938346643471,-594.240837793737,190.067993680943,2726.04877589754,2893.68844379395,-970.613662161287,-332.226320472103,-651.310400023289,109.75395110345,3293.93560775414,3349.50383274195,-607.588789826151,0,0
166,1,-243.242282251955,-622.75547901054,75.9662211100096,3567.42658455948,3574.00655158376,-216.772679417756,-203.926306333842,-611.090158346617,37.2344727356855,3826.77231092596,3826.79385390665,12.8405851935533,-368.764688137487,-591.556536346294,183.597235933201,2795.09516872899,2974.00699068312,-1015.95303945602,-310.266749753742,-649.065171628644,105.703359171275,3327.03027509815,3389.8222271214,-649.433815000895,0,0
167,1,-219.459438354892,-620.76644239147,74.5210699138912,3564.46095473128,3572.58369116888,-240.774443415393,-178.414490927669,-609.240797270751,37.3200766369758,3814.5953432572,3814.59640407472,2.84485153745386,-350.130720345961,-588.959019783031,176.824215670161,2864.3049954547,3051.8814750684,-1053.44075812498,-288.086547919755,-646.774477727529,101.373800404603,3360.00253035718,3428.73255974935,-683.073906893428,0,0
168,1,-195.69636532335,-618.661849685453,72.9159069577886,3562.53847077438,3571.86274924528,-257.920808967776,-152.983855305954,-607.195450322026,37.3390423138922,3802.57574989009,3802.57682127436,-2.85447734086901,-331.035353709596,-586.454958797471,169.801277282661,2932.99530319316,3126.5707982515,-1083.04363158919,-265.686531050707,-644.454252768707,96.8199743586466,3393.21028531694,3466.31133173767,-708.123017668749,0,0
169,1,-171.946108851521,-616.47275475031,71.1964348980034,3562.47032615566,3572.52247949712,-267.809711871272,-127.633350306687,-604.995131598721,37.3200124649531,3791.67540940752,3791.67714205249,-3.6248113933123,-311.482051688308,-584.047999479879,162.5809864054,3000.54421461499,3197.46832170172,-1104.77965424176,-243.065129148594,-642.121627707887,92.0991542408549,3426.79115642709,3502.49849706231,-724.291441449414,0,0
170,1,-148.19630667715,-614.232602096763,69.4110368188616,3564.6451937525,3574.86732796117,-270.150060487545,-102.35551424397,-602.684812665847,37.2958470556643,3782.3873110907,3782.38747000312,1.09641993083116,-291.478423590875,-581.739266383263,155.215788710455,3066.37251976393,3264.07229614748,-1118.71690990797,-220.219854772413,-639.794581536955,87.2705446311922,3460.65705113875,3537.10135806477,-731.395099537367,0,0
171,1,-124.432005385467,-611.975992786805,67.6100364156113,3569.04154592128,3578.84923204458,-264.772108036215,-77.1395988366985,-600.31177922976,37.3031565218699,3774.75929869148,3774.77768268539,11.7809440150271,-271.035940125782,-579.527941645017,147.757675977735,3129.91693912811,3325.95078257796,-1124.97491629364,-197.148807764822,-637.491506569733,82.3945773009431,3494.49525534418,3569.80029057848,-729.367551369809,0,0
172,1,-100.638395079325,-609.737353293487,65.8448890287032,3575.25562614066,3584.10044374393,-251.641011353469,-51.974536845422,-597.923794401837,37.3816961486367,3768.43426977172,3768.54420135618,28.7845789513977,-250.169827198261,-577.411870443013,140.257843202444,3190.59793123266,3382.70295956487,-1123.72779349041,-173.852172729194,-635.230697647192,77.5321269584777,3527.77496788585,3600.15468835123,-718.274011791728,0,0
173,1,-76.8033575717204,-607.549562846444,64.1672822863467,3582.54155613371,3589.97303488892,-230.873103250793,-26.8516417136105,-595.567146496546,37.573593341646,3762.70218088452,3763.06588886202,52.3180837163622,-228.899174323377,-575.388145161719,132.766324579175,3247.78529075013,3433.91892358028,-1115.20844639459,-150.333672943288,-633.029781877698,72.7436335465328,3559.7583737099,3627.60792762144,-698.326282867939,0,0
174,1,-52.9197471974957,-605.442599899364,62.6281282646748,3589.86011141973,3595.58128238649,-202.753886980129,-1.76696050771373,-593.284672177265,37.9223805664218,3756.55951465283,3757.46344888601,82.4146988443918,-207.247272385043,-573.453626133391,125.331601603211,3300.76495929796,3479.14035917369,-1099.71283629046,-126.601950451889,-630.905111704878,68.0881249940799,3589.51561540065,3651.49073799242,-669.897198411319,0,0
175,1,-28.9873464546974,-603.442271075963,61.2764356848073,3595.93303306328,3599.84396042959,-167.7562552208,23.2767695899718,-591.113854226727,38.4718118920511,3748.77247266259,3750.65744541562,118.895841217737,-185.24217265639,-571.605365172335,118.000182694608,3348.7104504627,3517.82471874774,-1077.60339215988,-102.671846349218,-628.871149505744,63.6221436713378,3615.94336328386,3671.02307446282,-633.532956334432,0,0
176,1,-5.01445956760888,-601.569085868466,60.1580606500019,3599.30028012518,3601.52456282429,-126.55698367737,48.2685860743891,-589.085096426111,39.2644508335026,3737.94095367023,3741.42115290106,161.337132274135,-162.917436319972,-569.840908610624,110.816160080209,3390.66207827804,3549.3157403821,-1049.31067651643,-78.5655572606588,-626.939876068712,59.3985906291082,3637.78703870029,3685.31534980564,-589.961599239568,0,0
177,1,18.9808756332257,-599.837337141981,59.3143474254861,3598.37826908452,3599.2685425469,-80.0491970477729,73.1881924321906,-587.220275343494,40.3400317153302,3722.56124165257,3728.42579692364,209.037616977733,-140.313022464785,-568.158468299176,103.820755570099,3425.51678385561,3572.82317729261,-1015.33256607025,-54.3136436693236,-625.120257724112,55.4655133008444,3653.66705326815,3693.3706194628,-540.095914235434,0,0
178,1,42.9700640937891,-598.254440936902,58.7806861118343,3591.51779510739,3591.63770379769,-29.3483009397775,98.0052673765411,-585.531659909527,41.7336158285151,3701.08615204265,3710.27726794072,260.995594131057,-117.476243905747,-566.55696110114,97.0518717962975,3452.0307915003,3587.41444779826,-976.23042095889,-29.9558633142025,-623.417807216615,51.8648738726082,3662.10963332888,3694.08990985588,-485.029169822688,0,0
179,1,66.9135160611717,-596.820579139541,58.5850307722358,3577.06089694232,3577.14283186971,24.2111371698037,122.679175056825,-584.021274504244,43.4735864560555,3671.98207401239,3685.54499406637,315.894842343792,-94.4627052957453,-565.035928804772,90.5436689899049,3468.83661094725,3592.02048860236,-932.621979738372,-5.54179909201001,-621.834271358671,48.6313460737903,3661.58285809604,3686.28323753947,-426.022394554213,0,0
180,1,90.7605887074538,-595.528675511563,58.7464383533678,3553.3963426058,3554.27640634804,79.0898544573558,147.159055550241,-582.680760324681,45.5795520716807,3633.78283409615,3652.78522439084,372.105106329147,-71.3371278894303,-563.5953602143,84.3261891249824,3474.47505886131,3585.45738378278,-885.171009620818,18.8687532952969,-620.367473983753,45.7911967767622,3650.5384226571,3668.68888567895,-364.482324137182,0,0
181,1,114.449897658159,-594.364719780479,59.2737040497502,3519.01363241363,3521.54771352765,133.571529671687,171.384274444216,-581.491763941206,48.0602527805417,3585.14055435285,3610.56234598394,427.70043227895,-48.1739608303549,-562.235444672386,78.4250490608436,3467.44202938912,3566.46436324537,-834.574039330886,43.2056761130109,-619.011335809316,43.3613146158477,3627.4593327317,3640.0031244384,-301.929686018119,0,0
182,1,137.909988540917,-593.308436696248,60.1641809142281,3472.55542381284,3477.52276087406,185.804684938703,195.285211473235,-580.426852534571,50.9115889957347,3524.87368159691,3557.47284559563,480.498257994459,-25.0576806344275,-560.956290863295,72.861222131971,3446.24873734282,3533.75757586619,-781.544781413542,67.3887383312223,-617.756083800262,41.3484500423935,3590.91325857522,3598.92177379252,-239.95812815282,0,0
183,1,161.060358033002,-592.334278084518,61.4028788138194,3412.86809267209,3420.87103584089,233.85898716092,218.784369350547,-579.450924096352,54.1149107156978,3452.01214930516,3492.17693245531,528.121054894198,-2.08268905214201,-559.757646130325,67.6509235892141,3409.49313490999,3486.09773884401,-726.797088446955,91.328160055057,-616.5886519643,39.7487291880414,3539.61065438199,3544.19386396351,-180.184796090228,0,0
184,1,183.81281198415,-591.412697093484,62.9619387282256,3339.04979841488,3350.42033285422,275.79494286249,241.797783679248,-578.523049932106,57.6357177483258,3365.83925421157,3413.44249835545,568.080807973267,20.6472651805912,-558.638649681962,62.8056096662344,3355.93921988574,3422.36846387269,-671.027462137741,114.925564417604,-615.493263850373,38.5474972141065,3472.4660410715,3474.68626271229,-124.194274774383,0,0
185,1,206.073143973582,-590.511646272857,64.8005716806422,3250.49497673092,3265.21965482214,309.74473439253,264.236712040659,-577.598658330058,61.4229231348142,3265.92935937968,3320.20493135818,597.88477632148,43.0201933131628,-557.59764820857,58.3320932519828,3284.60007538785,3341.66088739413,-614.898228247503,138.075338024747,-614.452175129736,37.7195353822773,3388.66012477963,3389.45666734879,-73.478286341448,0,0
186,1,227.743110485122,-589.598226096028,66.8655365765924,3146.93371808595,3164.608710171,334.000692310524,286.009574436523,-576.631944402822,65.4088216436241,3152.18006026855,3211.64438081184,615.158919666786,64.9175271490818,-556.632095095246,54.2327717303328,3194.81977869187,3243.35930239747,-559.022491611369,160.666405523278,-613.446543361363,37.229680140001,3287.69976120173,3287.83098083063,-29.3741162208828,0,0
187,1,248.722668605695,-588.640399212297,69.0922078586625,3028.46408225021,3048.29096294849,347.106752043056,307.024108171647,-575.578373786861,69.5098811080693,3024.83705690129,3087.27960974779,617.783269408626,86.2163256736943,-555.738545320624,50.5059551195903,3086.34886169355,3127.22189845871,-503.951888698331,182.584403931289,-612.457382236095,37.0338526985285,3169.47225997969,3169.47997854863,6.99482950892154,0,0
188,1,268.912429154029,-587.60867907693,71.4062528722829,2895.57512410591,2916.40577403095,347.947322823599,327.189688550989,-574.39713858436,73.6284362374602,2884.50974162093,2947.07491950556,604.03156512938,106.791984751651,-554.912748145853,47.1462758616014,2959.40786289289,2993.4505329738,-450.167962441596,203.714218997821,-611.466550056842,37.0804848952546,3034.29023011493,3034.48946966832,34.7727041952879,0,0
189,1,288.216263314735,-586.477700351636,73.7259016911069,2749.158327598,2769.5941157498,335.827419658492,346.419753495129,-573.053423585515,77.6553133383227,2732.17549765608,2791.55422398075,572.705889119843,126.521370504271,-554.149829755857,44.1451561119908,2814.73373218281,2842.74371746117,-398.077706079086,223.94282053192,-610.457717619733,37.3123029232232,2882.92315848261,2883.41796411583,53.4155227488881,0,0
190,1,306.543985498722,-585.227582941802,75.9647511554968,2590.50530745427,2609.05183105675,310.537774178617,364.634256812836,-571.520349704312,81.4733525991217,2569.17094285533,2621.91460720734,523.256030901787,145.286262052156,-553.444549024415,41.4913047381302,2653.60446508943,2676.32771510929,-348.013478933735,243.162308255138,-609.417259502142,37.6684064082158,2716.61222793234,2717.33622161095,62.7227576512428,0,0
191,1,323.81402088175,-583.845011688522,78.0350029833543,2421.29006272399,2436.56454724206,272.399018043255,381.762063098538,-569.780479321295,84.9617261384669,2397.16884978248,2440.13089257745,455.873094778945,162.976958486085,-552.791602334239,39.171214878572,2477.83835417175,2495.96178554066,-300.237115418358,261.273056441353,-608.335015293528,38.0865581258907,2537.06553012409,2537.84397911241,62.8534658812402,0,0
192,1,339.955954633244,-582.323969105676,79.850996436976,2243.53474566669,2254.51913550197,222.27995260671,397.743188763755,-567.826793845127,88.0008801036599,2218.14020168459,2249.04280749143,371.547568421052,179.49588084723,-552.185948512147,37.1696341091163,2289.76562056435,2303.91512619348,-254.947664403318,278.18682664218,-607.204873515146,38.5055812317657,2346.43179118438,2347.06057812359,54.3250099045647,0,0
193,1,354.912852937688,-580.666078300882,81.3328627876874,2059.55880967635,2065.8878581663,161.58636082124,412.530790108318,-565.663085721307,90.4778638931335,2034.30174957633,2052.41642549242,272.083765230061,194.760984984326,-551.62312282781,35.4699830130941,2092.17186108671,2102.91486411888,-212.291849605861,293.829705250076,-606.025140581852,38.8677479644628,2147.25195458935,2147.58805662683,37.9934794198842,0,0
194,1,368.643245002197,-578.880536161666,82.4101051931623,1871.91246026487,1874.18263488563,92.2187074944354,426.092801772161,-563.303743327834,92.291755661334,1848.05044238889,1854.96935497793,160.065206379998,208.708797391571,-551.099509790049,34.0547040157217,1888.21461410115,1896.06643863596,-172.376073793626,308.144718280672,-604.798669615669,39.121037827262,1942.38937617913,1942.44741816433,15.0161126699345,0,0
195,1,381.122661403963,-576.983641575126,83.0248965764586,1683.29647104341,1683.37733018977,16.4992839122199,438.413138054753,-560.77294538203,93.3588570372006,1661.88711861433,1662.33926402275,38.7689785197104,221.296894818912,-550.612548041349,32.9055301904309,1681.31627808401,1686.74975514264,-135.278636611475,321.093980788533,-603.532738444249,39.2211452450615,1734.94087815591,1734.99111319555,-13.2027334715335,0,0
196,1,392.344637877586,-574.997948253857,83.13489180254,1496.47154353571,1497.79406149053,-62.9282927160773,449.492385512182,-558.103319131413,93.6173168939987,1478.33277691315,1480.94777765358,-87.9688629080647,232.505670006139,-550.160846650566,32.0036726130211,1475.03845609411,1478.49644468815,-101.060823265056,332.660253309572,-602.238681739129,39.133127021918,1528.13236293526,1528.79712942062,-45.0793109377454,0,0
197,1,402.321114834491,-572.951094962755,82.7153698510995,1314.16137899792,1321.94276667393,-143.222024534629,459.34793735827,-555.334151153347,93.0308578079449,1299.84149057141,1317.65469456333,-215.930529323379,242.339259713433,-549.744199989699,31.329933791254,1272.94438208174,1274.85530253239,-69.7756585170268,342.847802395807,-600.931297877484,38.832598282333,1325.20397665936,1327.55234357042,-78.9281012411852,0,0
198,1,411.082190694477,-570.874385919978,81.760556354202,1138.95438730931,1160.28891358892,-221.479720575562,468.013547295413,-552.509268568882,91.5913209457891,1128.71451416329,1179.02106800473,-340.726025299146,250.825555593978,-549.363497456563,30.8647627344738,1078.45725163402,1079.25441222226,-41.473397488253,351.682495573536,-599.628065611117,38.3064109407251,1129.29081200701,1134.93473333739,-113.044729431219,0,0
199,1,418.675219943206,-568.801209380253,80.2840248836982,973.209389809335,1016.9035978516,-294.883724390612,475.538310723168,-549.674729647872,89.3198141104614,967.020287909344,1070.00546847118,-458.021249867262,258.015270604871,-549.020533778249,30.5882734178855,894.722894117521,894.86960019121,-16.2032122847013,359.211100986916,-598.348217903561,37.5527794111837,943.30574212741,954.505205896601,-145.789111229777,0,0
200,1,425.163282541935,-566.765391679539,78.3181333877608,818.970710301855,894.941590594579,-360.842661340966,481.985112642563,-546.876474307615,86.2663391113463,816.524840638183,992.243893112388,-563.768683095839,263.980089898988,-548.717734669486,30.4802520026541,724.485191559282,724.509945461043,5.98901354772394,365.499805934432,-597.111729389288,36.5808520029852,769.831102071132,789.618681366752,-175.663702133694,1,0
201,1,430.62308727728,-564.799586503152,75.9125156454877,677.897655514676,795.9490449031,-417.120666869749,487.428611580151,-544.158085628888,82.5078812240407,678.636523269896,942.771486672718,-654.42382701674,268.80999117605,-548.457820418194,30.520178759639,569.981937523244,570.532850800183,25.0664065919498,370.632013281573,-595.938279077395,35.4097606554272,611.025541521187,643.356000065066,-201.382050909366,0,0
202,1,435.142404980711,-562.933794508369,73.1317111996894,551.212569146603,719.186225411767,-461.945376031439,491.952855068617,-541.558802739827,78.1450557105958,554.368105001345,914.354416872115,-727.131352515324,272.609870759538,-548.243435806549,30.6872881369186,432.867472279864,434.805739811014,41.0095454088959,374.705516891715,-594.84625072248,34.0672136493648,468.551472979172,518.450147868751,-221.923574669701,0,0
203,1,438.817155441689,-561.194096932762,70.0520753594798,439.670454601799,661.386890856372,-494.087553725964,495.648642435293,-539.111903692345,73.2975133604936,444.318104362586,897.558681705416,-779.867302328033,275.49565390807,-548.076778078474,30.9606851063113,314.16653613168,318.744262192996,53.8265014280086,377.829193378242,-593.851829627963,32.5877231515667,343.527196032676,417.1055165203,-236.571506098249,0,0
204,1,441.748291805701,-559.601669301198,66.75815833464,343.551697899758,617.334468071771,-512.907473468315,498.610763131044,-536.843545770161,68.0983980116401,348.671909942851,883.260414722421,-811.527485321617,277.590097482282,-547.959255073842,31.3195284491647,214.261521155495,223.491107613192,63.5631633440679,380.119374685127,-592.968246821067,31.0105797775784,236.506103680989,340.48043927227,-244.932220111351,0,0
205,1,444.038636458366,-558.172119238151,63.3387751781846,262.677817806951,581.121948287159,-518.365780904991,500.935242530663,-534.772112577201,62.6882147761626,267.221895722426,864.303617260792,-821.956933942772,279.018507623318,-547.891203071889,31.7432828714584,132.912886961023,150.365159867445,70.3124866694996,381.696082043,-592.2052102006,29.3776983101694,147.483521755996,287.625686089988,-246.935510020704,0,0
206,1,445.789821910412,-556.915167613291,59.8830033054847,196.448579474435,547.459916553698,-510.999330582202,502.716721835479,-532.908075736629,57.2085018832108,199.404484329872,836.048381991881,-811.920407835879,279.904593536392,-547.871688528156,32.2120327825884,69.3101695720969,101.55155739692,74.2214201132469,382.679305521373,-591.568548378656,27.7314615766981,75.9298679666557,254.41168938533,-242.816726867124,0,0
207,1,447.099479106908,-555.834667024451,56.4763411016033,143.897385242508,512.481915285377,-491.865079076506,504.046085064345,-531.254338154274,51.795699164305,144.351075964619,796.213327802355,-783.018793029872,280.366661333539,-547.898410259112,32.7068422500101,22.1489726174582,78.6765368448804,75.4945061702831,383.185504641151,-591.060077707357,26.1126833975839,20.8471118880908,234.013336025205,-233.082902340714,0,0
208,1,448.058795008525,-554.928928250233,53.1972405744266,103.760734380594,473.954694726275,-462.45730900687,505.008425570775,-529.806989731491,46.5755738774391,100.949029100812,744.436654332094,-737.560320134405,280.514321150989,-547.96770949466,33.210138957812,-10.2722355000623,75.0993472456549,74.393501964585,383.324485387072,-590.677687694244,24.5587973819791,-19.155882841892,219.304169589935,-218.465949182198,0,0
209,1,448.750533237729,-554.191305869985,50.1141918477141,74.5568153057064,431.101128613828,-424.605068721026,505.681419098114,-528.556378820866,41.6585050765431,67.9084986966529,681.788811965625,-678.398422703255,280.445839580988,-548.074685522257,33.7060956375759,-29.9426691416613,77.2701210742665,71.232774588,383.196779501459,-590.415625920933,23.1023577207645,-45.7745415470441,205.041482229514,-199.866707535383,0,0
210,1,449.2475786731,-553.610980353545,47.283491389574,54.6680026811316,384.266222203523,-380.35764618241,506.134142422758,-527.488386211726,37.1358489251881,43.8309125949502,610.325510015525,-608.749603101969,280.246221786711,-548.213405385364,34.1809808014959,-39.0246057801875,76.9933917873438,66.3706450369467,382.891615891145,-590.264951777117,21.7699130038619,-60.91221436387,188.411864134829,-178.293950228412,0,0
211,1,449.612032024308,-553.17386647979,44.7477737483579,42.4221708453416,334.566546943739,-331.866138306736,506.426348506725,-526.585784151488,33.0775182378416,27.2751631053922,532.703614099951,-532.004892790211,279.986057748176,-548.377188200463,34.6234517684089,-39.7408117425897,72.1321001737792,60.1972404477163,382.485534462053,-590.214119616404,20.5812866690059,-66.5822376911564,168.514097309026,-154.80247612979,0,0
212,1,449.89484649661,-552.863577080574,42.535332826313,36.1682538546177,283.584679340885,-281.268782075047,506.608182927427,-525.829570373016,29.5308189525735,16.8181461591985,451.860656220231,-451.547564050062,279.721119003225,-548.558938863608,35.024766704727,-34.2704207724722,63.2152447981558,53.1197273615788,382.041652877445,-590.249646796767,19.5492701614739,-64.814003057532,145.649989250559,-130.434138078749,0,0
213,1,450.135968188974,-552.662376205271,40.6602076124794,34.3422985696606,233.130132234305,-230.586784279882,506.720303901822,-525.200184342599,26.5205018589065,11.1070160601059,370.754346059862,-370.587937359699,279.492649531409,-548.75150270619,35.3788982204708,-24.6584640123729,51.7926549455272,45.5460125461819,381.609559523728,-590.356820584336,18.6797092409489,-57.5678624735957,120.768753129619,-106.165121121318,0,0
214,1,450.364916846105,-552.552065643412,39.1229623839468,35.5212694003484,185.076789078593,-181.636057201839,506.794350675556,-524.67853691227,24.0499156098418,8.901355369062,292.15936401349,-292.023731661248,279.328259771326,-548.948012202779,35.682538304112,-12.7427868989514,39.9546188630378,37.8680993784812,381.225773773904,-590.520399832345,17.9719417668068,-46.6626821983198,95.0974711606734,-82.8620728150927,0,0
215,1,450.601725308774,-552.514761742884,37.9120553359345,38.4629645473723,141.294600871426,-135.95868708414,506.853693044683,-524.246811666463,22.1030907321001,9.10430654104744,218.521453128921,-218.331713408707,279.243307858667,-549.142199005599,35.9349922999686,-0.100524822079251,30.4464432510578,30.4462772995326,380.914689225916,-590.725272179094,17.4195279480395,-33.7186832005244,69.9168989139215,-61.2488624952512,0,0
216,1,450.858145072424,-552.533533921866,37.0056640887069,42.1314926789364,103.718879768354,-94.7762804980606,506.914388421623,-523.889022981035,20.6475459760421,10.7825056976992,151.876905022797,-151.493669340282,279.242637693186,-549.328648998838,36.1379674819655,11.9852132413257,26.4646807674344,23.5952112023217,380.689898004579,-590.957034534827,17.0112021980712,-20.1169833068803,46.4654333311082,-41.8848836369204,0,0
217,1,451.139021690283,-552.592890619129,36.3738222187199,45.7087497412829,74.6072529790305,-58.9656882785729,506.986271792941,-523.591339237681,19.6375881804402,13.1753467067938,93.8862293686073,-92.9571638132883,279.322539114795,-549.502984163088,36.2952688899809,22.5391687350594,28.5800222314584,17.5728069323934,380.555784782533,-591.202473051517,16.7319696404917,-6.97607964455642,26.1043813483947,-25.1549803890844,0,0
218,1,451.443746688558,-552.679111379936,35.9807176301961,48.5931628515971,56.6176054708438,-29.0561142159493,507.074107437653,-523.342197763733,19.0178737550183,15.694651097121,46.3663422026261,-43.6292976816114,279.472800239696,-549.661962139356,36.4124209361969,30.8901033436996,33.350649408056,12.572483102181,380.509277584903,-591.449927792878,16.5642697712311,4.85553999408808,12.2717837461523,-11.2703330775155,0,0
219,1,451.767701107569,-552.780434443006,35.7870102020897,50.3875907788398,50.6598772501372,-5.24536543084864,507.178738444968,-523.132249949024,18.7270117704742,17.916209673345,18.3357440626663,-3.89986426332314,279.678734261987,-549.80349177825,36.4962374902114,36.6519836462516,37.6748247978117,8.71920399696648,380.54164785153,-591.689536213785,16.489134217381,14.7923333611487,14.7949646516544,-0.279021103769495,0,0
220,1,452.103618379428,-552.887117094721,35.7520410992174,50.8786712295972,52.4079429980474,12.5679474536277,507.29817984279,-522.954180645986,18.7010126753854,19.5648944072872,32.788049160658,26.3110447263774,279.923080819629,-549.926569989088,36.5543655168579,39.6933728112145,40.1547111418115,6.06934772049286,380.640263407271,-591.913357705464,16.4872740766892,22.4925083465678,23.8446579351582,7.91547726446637,0,0
221,1,452.442809520959,-552.991391075271,35.8358274155749,50.0100885325878,55.7949822632695,24.7400705480256,507.428612472172,-522.802446152698,18.8764196402279,20.4951268208816,51.7208298556667,47.4867772917346,280.187703305037,-550.031151297845,36.5948278349945,40.098449827002,40.3630610088428,4.61421883691777,380.790213462915,-592.115388398234,16.540043925119,27.8294261013485,30.9440553522957,13.5298782151031,0,0
222,1,452.776210111176,-553.087337637001,36.0007612192284,47.8522233731383,57.4714418790738,31.8297243140282,507.565246650978,-522.672971047415,19.1929981555061,20.6684537531999,63.8718893969054,60.435364436581,280.455026303883,-550.11796624682,36.6255892939073,38.1230448807202,38.3633035083,4.28678260383464,380.975742970257,-592.291480826686,16.6302431132197,30.8565124303016,35.1684540630394,16.8729310382862,0,0
223,1,453.095224933663,-553.170706852881,36.2129593813219,44.5704732579856,56.3884726540059,34.5417538901945,507.703036342666,-522.562837319805,19.5959005850834,20.1298506402338,69.1970244232163,66.2043601451526,280.709179936421,-550.188307838462,36.6541678445995,34.1488365287177,34.5087523864639,4.97101146701553,381.181453053126,-592.439186795314,16.7427293201416,31.7685581589188,36.6701968835713,18.3156231666649,0,0
224,1,453.39236142205,-553.238703954952,36.4432377405899,40.3942394143172,52.5871074038864,33.6705997458719,507.837235346934,-522.469991027949,20.037262986051,18.9841750053262,68.6711685358988,65.994927740342,280.936838846613,-550.243806509127,36.6873079210463,28.6384582085503,29.3697429028262,6.51310291759835,381.393243440852,-592.55754381695,16.864833474586,30.862084305781,35.8602612338514,18.2617109839942,0,0
225,1,453.661656351479,-553.289762391577,36.6677084055624,35.5882054549568,46.576123372745,30.0468783890931,507.963796513636,-522.39298330372,20.4772291709867,17.3739553426401,63.5030033862633,61.0800877113624,281.127761901337,-550.286213627583,36.7307286071636,22.0937647851599,23.757376539325,8.73375621650254,381.598990669557,-592.646825930805,16.9865782144793,28.4971072655253,33.2443805425499,17.1202720525994,0,0
226,1,453.898911054512,-553.32331945149,36.8680209281563,30.4271253543305,39.0583698393189,24.4897181930881,508.079622882587,-522.330754844497,20.8844297557291,15.4594451339818,54.9505566244333,52.7311030558289,281.275053666571,-550.31721138785,36.788953648607,15.0189659505799,18.880111394118,11.4406847710104,381.78897138466,-592.708278733495,17.1007133614967,25.0622060210134,29.353750815249,15.281639842766,0,0
227,1,454.101758556874,-553.339606175366,37.0312857161103,25.1749274561263,30.8129040911384,17.7667691522256,508.182685850147,-522.282466657958,21.2359704427679,13.4016151713155,44.2339348160422,42.1549249804793,281.375180106241,-550.338263457722,36.8652248804137,7.88978617817122,16.4553730212889,14.4405877765589,381.956052758134,-592.743856334481,17.2025909604484,20.944310270886,24.7025116653965,13.0977078092279,0,0
228,1,454.269591406582,-553.339459242897,37.1497308437918,20.0685545180761,22.6787367726945,10.5630592708824,508.272029951289,-522.247375058605,21.5170032759711,11.3485113161545,32.4909025085524,30.4445403435061,281.427778680763,-550.350516196412,36.9614954655908,1.12929460022428,17.5861981818493,17.5499019996462,382.095681493273,-592.755974978198,17.28990901251,16.5041343191376,19.7606322980968,10.8672047554304,0,0
229,1,454.403381770035,-553.324158875012,37.220151238931,15.30661667679,15.6926189933936,3.45915839209958,508.347686693397,-522.224745787778,21.7199668782612,9.42517677569015,20.8009099477218,18.5430282694123,281.435307311431,-550.354755081164,37.0784948122551,-4.90941341428766,21.18061837626,20.6037922414389,382.205709055401,-592.747294578338,17.3623570442128,12.0577098662636,14.9428812092157,8.82617310127891,0,0
230,1,454.505425881214,-553.295293726164,37.2432122948783,11.0426469819487,11.4645472172469,-3.08152405938102,508.410521205235,-522.213800494212,21.8435870667239,7.7271325545837,10.5761252325909,7.22120816895195,281.402577888669,-550.351415640787,37.215853427198,-9.95389330161061,25.4871065696951,23.463005123708,382.286093787842,-592.720535700256,17.4211981982214,7.86404750501788,10.6241939851352,7.14354636525893,0,0
231,1,454.57904352776,-553.254651375738,37.2226688011491,7.38252390480341,11.42312856418,-8.71700676773806,508.462035422265,-522.213688400998,21.8917284545169,6.31723010949941,6.96448741495092,-2.93201103283121,281.336218599991,-550.340643151762,37.372273461356,-13.8169125427879,29.4595283266095,26.0183922833686,382.338520771209,-592.678335895594,17.4688218406564,4.11859997930151,7.21292462395482,5.92143697436285,0,0
232,1,454.628260353792,-553.204131400497,37.1645554226975,4.38546305310581,13.9318945456414,-13.2236681537581,508.504150289662,-522.223476468702,21.872181714298,5.22553902820846,12.6389004407223,-11.5080643991577,281.244105849706,-550.322391048473,37.5457294099118,-16.3956579144298,32.6139240435874,28.1930921162239,382.365978104405,-592.623145986466,17.5082980871522,0.951920654318883,5.28594004293869,5.19952009376095,0,0
233,1,454.657496774146,-553.145677097546,37.0763976350058,2.06787850832484,16.6163807498249,-16.4872067888396,508.538987216517,-522.242152405586,21.7954612849703,4.45181231062008,18.8024604903357,-18.2678375195765,281.13480146361,-550.296544800984,37.7336833573533,-17.666508704886,34.7657968211307,29.9425299329954,382.3723242421,-592.557164106677,17.5429615544439,-1.5672881770513,5.20434069747601,4.96273814194144,0,0
234,1,454.671282630869,-553.081221653526,36.9664829230802,0.40936733126955,18.4936645416949,-18.4891332022037,508.568665965254,-522.268636165251,21.6736757015065,3.96998487570102,23.461881478723,-23.1235616332855,281.017024738911,-550.263056179252,37.9333002235733,-17.6763787448436,35.9050930768023,31.2525413898243,382.361875654253,-592.482303161393,17.5760464753902,-3.4256626081941,6.18648893438332,5.15145426361023,0,0
235,1,454.67401174641,-553.01264480649,36.8432220350655,-0.639928247881016,19.3009286484072,-19.2903172220799,508.595132531092,-522.301796856584,21.5195186239512,3.73410892527488,26.3812821217964,-26.1156749275985,280.899182213945,-550.222072469654,38.1416504995055,-16.53164253282,36.1388951685939,32.1360317894676,382.339037903532,-592.400185924113,17.6103895038143,-4.65617328095504,7.33924769893858,5.67314790606552,0,0
236,1,454.669745558091,-552.941736684584,36.7146199202516,-1.15128566488636,19.0478630158809,-19.0130383366149,508.620026590594,-522.340473089805,21.3454141244339,3.68511320998834,27.6335712082929,-27.3867522417932,280.788971263726,-550.174046304772,38.3558907114352,-14.3856102570055,35.6591410150898,32.6286462401921,382.307996748325,-592.312161245709,17.6482104898547,-5.32758866192466,8.33861010540304,6.41476558724179,0,0
237,1,454.662070320325,-552.870166383756,36.5878663313409,-1.20932640913338,17.8638138745291,-17.8228329897351,508.644594011994,-522.383495592998,21.1628357761553,3.75779084036196,27.4132022349196,-27.1544225637868,280.693067195346,-550.119814133111,38.5734150197032,-11.4254142973323,34.7178164448447,32.7839394648088,382.272479490579,-592.219334743513,17.6909755937696,-5.53329760892325,9.12420152113277,7.25490668233064,0,0
238,1,454.654008144264,-552.799453824304,36.4690474447426,-0.904437214214226,15.9369092324679,-15.9112246294704,508.66964595093,-522.429711426596,20.9818062923967,3.88746902659705,25.9774566439379,-25.6849340714536,280.616897766697,-550.06063469789,38.7919746161352,-7.85903066457081,33.6005260629673,32.6685014765214,382.235590839853,-592.122607763852,17.7393416383185,-5.38027877394427,9.7033546723882,8.07512799977825,0,0
239,1,454.647978562836,-552.730944378938,36.3629726138795,-0.326114822919976,13.4841256899438,-13.4801815545813,508.695562411107,-522.4780093303,20.810573398587,4.01588932885488,23.6127221525661,-23.2687189237542,280.564504228934,-549.998182843069,39.0097646259787,-3.90300024185706,32.5919664627962,32.3574236771734,382.199722314693,-592.022719235209,17.7931758249837,-4.97887382994691,10.0845554635753,8.76978188345614,0,0
240,1,454.645804464017,-552.665786593481,36.273104736849,0.442457354910175,10.7380138776541,-10.7288943291366,508.722335006633,-522.527345730355,20.655448605762,4.09592277492266,20.6100794335535,-20.1989799465036,280.538484227321,-549.934498119754,39.2254807838265,0.228745239010664,31.9312097219744,31.9303903816465,382.166529822494,-591.920286104916,17.8516410375401,-4.43387680722083,10.2613284661429,9.25395041852202,0,0
241,1,454.648754179716,-552.60491395352,36.2015787746547,1.32841231569216,7.95491823025302,-7.84321648110833,508.749641158465,-522.576770805453,20.520788739452,4.09485404400129,17.2471449136272,-16.7539899137484,280.540009195581,-549.871891642063,39.4383500530375,4.33469238304838,31.7657086841369,31.4685666999594,382.136970643779,-591.815839236409,17.9133340403302,-3.83730329406262,10.2171679186534,9.46919340320687,0,0
242,1,454.657610261821,-552.549032041846,36.1492906647807,2.27170955695328,5.48084413664501,-4.98788413448459,508.776940185425,-522.625453842655,20.4090954733603,3.99608620128617,13.7758048860003,-13.1834781195646,280.568907144802,-549.812818106857,39.6481404977039,8.23404760106428,32.1254927209332,31.0523387632259,382.111388621819,-591.70985280887,17.9764619963516,-3.26305930110209,9.93795621958912,9.38698129432254,0,0
243,1,454.6727549922,-552.49861256282,36.1160381038841,3.22618581189715,3.96293721713903,-2.30143357368817,508.803580760101,-522.672706974255,20.3212056192299,3.7992357904983,10.416741557653,-9.69919131098731,280.623800795475,-549.759722597409,39.8551560894588,11.7734707589449,32.9360519415225,30.7598586437411,382.089634893145,-591.602766305049,18.0390418716471,-2.76359653166764,9.42414333438168,9.00982862196198,0,0
244,1,454.694262897613,-552.453895583489,36.1006952133928,4.15927271994576,4.16063398073108,0.106421627168274,508.828908998704,-522.718006305671,20.2565443438233,3.51870144909014,7.36445898679351,-6.4694664602527,280.702290600535,-549.714873585182,40.0602218137504,14.8322288104481,34.0648605139073,30.6662633906786,382.071210916267,-591.494999026273,18.0991073957935,-2.36852291185414,8.69892823760362,8.37027190113915,0,0
245,1,454.721991382413,-552.414900979107,36.1014046909073,5.05058335154445,5.49124180322255,2.15530609208088,508.852367008365,-522.761009428798,20.2134145674216,3.18089216729902,4.81705364618487,-3.61744811299882,280.801172125938,-549.680194374549,40.2646635696882,17.3257759070736,35.3764989413262,30.8433812440128,382.055420763521,-591.386957700004,18.1549092084678,-2.08503695552338,7.81135811844756,7.52794371317549,0,0
246,1,454.75566193809,-552.381449511938,36.1157733981878,5.88962571193861,7.00532896344429,3.79301237268521,508.873572956147,-522.801568353174,20.1892982466683,2.82038918286389,3.07391019291273,-1.22242739304923,280.916677298652,-549.657105140061,40.470286111315,19.2077662036098,36.7745798536262,31.359710471849,382.041520517151,-591.279038140389,18.2050954998889,-1.89997279829583,6.83448190531184,6.56507778169999,0,0
247,1,454.794926109503,-552.35319327126,36.1410601473391,6.6729369462422,8.33421107654951,4.99309390858578,508.892375550699,-522.83973696325,20.1811487307146,2.47538453334926,2.56611461384809,0.676325087114193,281.044729073343,-549.646386794431,40.679350847794,20.470498867266,38.2239346356987,32.2804562415005,382.028854031829,-591.171622108964,18.2488626851003,-1.78317930268292,5.85879387198062,5.58083660474313,0,0
248,1,454.839412355811,-552.329654426401,36.174347440063,7.40094696761844,9.37313253535365,5.7516604131159,508.908878114255,-522.875772214546,20.1856575646287,2.18278670394909,3.01092687477985,2.07391486091755,281.181199065791,-549.648076356534,40.894553889404,21.1437937669672,39.7562092866692,33.6674347401967,382.016966169811,-591.065070544451,18.2860682624652,-1.69191051398343,4.98103334886196,4.68488335341952,0,0
249,1,454.888752002262,-552.31027046944,36.2126918428171,8.07487578044004,10.1101896723563,6.08377484309557,508.923430025614,-522.91012841501,20.1994836637015,1.97340770780272,3.5850708428576,2.99305779548149,281.322157690904,-549.661401446902,41.1190034543386,21.2923102177996,41.4633101226866,35.5786960401737,382.005686766384,-590.959714243662,18.3173008181547,-1.57587461619926,4.29050890086125,3.99062474086307,0,0
250,1,454.942584507465,-552.294443429084,36.2532503417711,8.69394698041788,10.5746193101674,6.01978898771769,508.936586077,-522.943444109953,20.2194373823381,1.86764511846036,3.94671665079108,3.47684829020807,281.464106425689,-549.684759212153,41.3561947612731,21.0113547112343,43.4814016197119,38.0677719339257,381.99518093561,-590.855842940782,18.3439049830938,-1.38257328238183,3.86432747647908,3.60853404643979,0,0
251,1,455.000544154001,-552.2815899983,36.2933822683558,9.25316353647077,10.8167501666894,5.60187903617191,508.949037044456,-522.976521313084,20.2426163709395,1.87204647763508,4.04138011228955,3.58164699511043,281.604182123764,-549.715742543064,41.6099799074993,20.4212764450318,45.9676862370725,41.182516270203,381.985963780394,-590.753693606428,18.3679618767367,-1.06256241910785,3.79184731595135,3.63992680874041,0,0
252,1,455.062231910911,-552.271189200509,36.330728128597,9.74184402360834,10.8962061448728,4.88096131630336,508.961517354307,-523.010297113586,20.2664940175735,1.97709231514409,3.90764347453503,3.37057613791387,281.740323966731,-549.751214048034,41.8845300159673,19.660616939106,49.0740491823686,44.9635679714952,381.978880030933,-590.653438715422,18.3922280554616,-0.574278934286099,4.21085363845952,4.17150956731049,0,0
253,1,455.127177537735,-552.262824168888,36.3632678707057,10.1430609865957,10.8720640138512,3.91408862233327,508.974697969741,-523.0458080421,20.2889645251596,2.15645898354637,3.62032404522238,2.90799429928903,281.871394746325,-549.787425979416,42.1842871357773,18.8782545110456,52.9240202738401,49.4425265187978,381.975051504705,-590.555175238418,18.4200381192437,0.111893139140307,5.27214580537042,5.27095829223665,0,0
254,1,455.194797944312,-552.256214851802,36.3893617948546,10.4340609056862,10.793527191209,2.76235447468238,508.989074362965,-523.084147985798,20.3083511538215,2.36792619213304,3.27001293494899,2.25519625384223,281.997249776399,-549.820182247751,42.5139039792359,18.22485745233,57.5992459165935,54.6399826226406,381.975797458966,-590.458915199558,18.4551778411919,1.01059962551346,7.05645390581266,6.98371177252977,0,0
255,1,455.26435835035,-552.251238975769,36.4077774913524,10.5876799926477,10.6919078110906,1.48926996013081,509.004860537579,-523.12642087853,20.3233857955138,2.55598060234661,2.94728072960701,1.46745591400244,282.118748826081,-549.845036822199,42.8781705300535,17.8440238122079,63.1376085813781,60.5635899824694,381.982534789802,-590.364578789188,18.5017359196755,2.11975924536034,9.56883615086325,9.33109029126697,0,0
256,1,455.334942883634,-552.247939356324,36.4177059577533,10.5747043440601,10.575907577134,0.159527790041381,509.021900408261,-523.173689819236,20.3331688349405,2.65604181532808,2.72130613453393,0.592409447156861,282.237708984829,-549.857521199784,43.2819277966033,17.8635350281724,69.5399552545338,67.2063947336845,381.996666518105,-590.271991186174,18.5639431882839,3.4202220243003,12.7760905125183,12.3097753874127,0,0
257,1,455.405440912595,-552.246516580407,36.4187694763536,10.3670592445667,10.4319742396767,-1.16196779513125,509.039607353697,-523.226924647878,20.3371182312549,2.60010789056366,2.62100745554113,-0.33033171120973,282.35679921835,-549.853392210996,43.7299704281612,18.3871815362664,76.7798353336852,74.5456549305203,382.019467998267,-590.180884373843,18.6460083575333,4.87690698624021,16.6240629420959,15.8926161141055,0,0
258,1,455.474554640892,-552.24730710654,36.4110230243861,9.9416527818363,10.229815747062,-2.41094798455812,509.056941406301,-523.286950291536,20.3349160198468,2.32349293497407,2.64722563140682,-1.26853621339826,282.479380428592,-549.828890194272,44.2269414610313,19.487628914527,84.8116287223688,82.5423811495078,382.051980711508,-590.090905267246,18.7519591316274,6.44138947738497,21.0408889121839,20.0306641880767,0,0
259,1,455.540832326104,-552.250747850368,36.3949500378223,9.28464516917415,9.93115352298798,-3.52465237714128,509.0724313592,-523.354398348386,20.3264591117575,1.77221860342058,2.8218625138658,-2.19593926802428,282.609297954689,-549.780996509269,44.7772240020281,21.2007821715929,93.5751175573238,91.141809622037,382.094923308024,-590.001631352529,18.8854968928812,8.05581149095644,25.9389399449334,24.6562873662892,0,0
260,1,455.602729960565,-552.257329258901,36.3714523553081,8.39586877665965,9.49893133102533,-4.44286888357581,509.08424614989,-523.429664376979,20.3118195166373,0.910533145705017,3.22170854506494,-3.09036168432062,282.7506365025,-549.707678485452,45.384836066175,23.5220733592428,102.996891711252,100.274980763208,382.148628717964,-589.912594731799,19.0498721419898,9.65789371768437,31.2186310066724,29.687169128576,0,0
261,1,455.658702419076,-552.267539660364,36.3418332294176,7.29308638943848,8.90469749211996,-5.10925907958821,509.090316370861,-523.51287318594,20.2912171054085,-0.27202733860463,3.94107503938928,-3.93167567242632,282.907450324895,-549.608109265945,46.0533359379297,26.4050441925264,112.990195004376,109.861539258821,382.213014676082,-589.823314952865,19.247786602847,11.1867421346972,36.7737999845383,35.0309743757524,0,0
262,1,455.707322995006,-552.281804264633,36.3077715022203,6.01574851345106,8.1328672321088,-5.47305209531395,509.088502855271,-523.603854070752,20.265005934259,-1.75464598788722,5.01677473275256,-4.69991980531326,283.083483952845,-549.482849686886,46.7857461996552,29.7625217050069,123.455069230407,119.81379895673,382.28759295698,-589.73334029627,19.4813264320187,12.5890712707019,42.4978704893187,40.5904456820579,0,0
263,1,455.747427985095,-552.300422562452,36.2712844882515,4.62789694933861,7.18123132873127,-5.49114316177004,509.076805215351,-523.702127430318,20.2336731355569,-3.48089987056994,6.40271303640855,-5.37383199566772,283.281900764211,-549.333979437546,47.5845048593667,33.4705924859946,134.280341463169,130.04202990611,382.371520098785,-589.642296337513,19.7519294032324,13.8254168093823,48.2901027874528,46.2686921932056,0,0
264,1,455.778280631424,-552.323508030891,36.2346768671731,3.21986400929575,6.05725520420798,-5.1305766118972,509.053599216214,-523.806903546932,20.1978475889191,-5.3566521567717,7.99117188339949,-5.9300173474778,283.505038047451,-549.165165401545,48.4514517254074,37.3754715274487,145.348446019713,140.460830441965,382.46368954418,-589.549939674466,20.0603873511871,14.8758867206737,54.0613971586495,51.9744423444727,0,0
265,1,455.799746391486,-552.350934013003,36.2004730230938,1.90843741846436,4.76976542671524,-4.37133032905237,509.017888201836,-523.917093581917,20.158314139936,-7.25062351082784,9.63347983725009,-6.34290095137349,283.754207857634,-548.981656412365,49.3878572616872,41.3032374712685,156.543460627105,150.996349755555,382.562862122318,-589.456213803274,20.4068836334836,15.7450058903692,59.7392848698693,57.6270504735028,0,0
266,1,455.812469307609,-552.382289423333,36.1713308209001,0.835202753037834,3.31615269435104,-3.20925303670023,508.969550711764,-524.031332100529,20.1160281335935,-8.99797840945098,11.1504676069156,-6.5855381250076,284.029562774109,-548.790195777678,50.3944995933909,45.0722700637016,167.762155457733,161.594032300483,382.667828828254,-589.361303344279,20.7910639699736,16.4652457692853,65.27193583,63.1610741576857,0,0
267,1,455.818037325963,-552.41684756077,36.1499358006554,0.16284052440767,1.66691493713421,-1.65894194330356,508.909564189034,-524.14800978315,20.0721245460934,-10.4071014024527,12.3402396185032,-6.6312709370937,284.330044574534,-548.598845909848,51.4717931420608,48.5080816086565,178.927335700463,172.226471483086,382.777597133383,-589.265682262179,21.2121377976915,17.0988976476536,70.6312285465829,68.5302717434762,0,0
268,1,455.819122929459,-552.453550804448,36.1388761877,0.069245509584448,0.253355189186492,0.243708660679331,508.840183513018,-524.265314493283,20.0279160731795,-11.2695491229459,12.9878568089121,-6.4561356130671,284.653431785259,-548.416723257399,52.6199696186147,51.4600867014906,190.002308484983,182.900893126025,382.891589784367,-589.170151474714,21.6690062759813,17.7380438802459,75.8151428859136,73.710906181609,0,0
269,1,455.81958456619,-552.491013338314,36.1405009121046,0.739452628570803,2.54920488881212,2.43960147877544,508.765053185531,-524.381278623395,19.9848751690924,-11.3729547513515,12.8781990981891,-6.04184675710258,284.996499029935,-548.253646399581,53.8393089061215,53.819708872669,201.004930201219,193.66574529859,383.009843410235,-589.075861357892,22.1604123171921,18.5025022828142,80.8498998027686,78.7042801084679,0,0
270,1,455.82451425038,-552.527543299719,36.1567649219631,2.35549627328737,5.387703766173,4.84551227204761,508.689233487189,-524.493830655594,19.9445961907117,-10.5164427111276,11.8123017271325,-5.37911747374853,285.355297089086,-548.119705487533,55.1304138747788,55.539085028829,212.019428861863,204.615855321799,383.133193425454,-588.98431515601,22.6851075179152,19.5357600285462,85.7923146045913,83.5384661417734,0,0
271,1,455.840217558869,-552.561184876901,36.1890683371101,5.08449629444954,8.94095130175814,7.35448894296127,508.619123869115,-524.600849135456,19.9087354075533,-8.52789305604915,9.62886413517225,-4.47102500084657,285.725557655945,-548.024766940322,56.4945195769241,56.6495052612566,223.204143865976,215.895630786262,383.263431825644,-588.897350179638,23.242030625527,20.9990681748849,90.7326754776748,88.2692332306313,0,0
272,1,455.874114200832,-552.589779890373,36.2380982633965,9.06544905739963,13.3778326258533,9.83788794167921,508.562271248741,-524.700217697257,19.8789285742144,-5.28218739829072,6.24748673246624,-3.33610352982046,286.103221024354,-547.977933093348,57.9338237821659,57.2786234126482,234.793641245072,227.699831508659,383.403425613477,-588.817094879648,23.8304921803979,23.0640282320564,95.7980548604409,92.980201746151,0,0
273,1,455.934550527881,-552.611047292913,36.3036841830077,14.3953981155676,18.8370135104129,12.1493041399823,508.527056666086,-524.789880295852,19.8566878840156,-0.719380872260444,2.13564810113082,-2.01084160800633,286.485078513771,-547.986981939253,59.4518226588903,57.6653995327206,247.094523661558,240.271524156035,383.557185801691,-588.745901348117,24.4503601920389,25.9041579150391,101.155327929326,97.7822835241756,0,0
274,1,456.030519848651,-552.622677836106,36.3846795439409,21.1158545663352,25.4077159773927,14.1305596888884,508.522260793604,-524.867896278359,19.8432822732955,5.13841334723679,5.1679011246989,-0.551280606953419,286.869514510656,-548.057816740202,61.0536328199305,58.1716959153653,260.475732516314,253.896949615864,383.729880187791,-588.686254424538,25.1022420822001,29.6860626423012,107.012463342233,102.812474901494,0,0
275,1,456.171292212427,-552.622439924302,36.4788832752001,29.200516854354,33.1156789819176,15.6197954491091,508.556516882586,-524.932495259527,19.8396070692492,12.1727599826244,12.2110729812233,0.966549408039263,287.257325816758,-548.193958653243,62.7462791507029,59.2894509882399,275.356011984774,268.897181721326,383.927787272073,-588.640660270721,25.7876585815434,34.5609494172152,113.616195032357,108.232068025199,0,0
276,1,456.365962324789,-552.608291481374,36.5830152448609,38.5454852193789,41.913450749698,16.4615589465278,508.637668615803,-524.982131869009,19.8460507319694,20.1586624960981,20.3067043622385,2.44756377317579,287.652588823347,-548.396117147774,64.5389270288451,61.6424074867069,292.192821613387,285.61662872045,384.158193601521,-588.611518905167,26.5092057017114,40.6572870152132,121.244429893672,114.224326624429,0,0
277,1,456.622932226252,-552.578491589549,36.6927589711711,48.9632563776496,51.6746069616286,16.5186116104032,508.77205969911,-525.015540279462,19.8623678237906,28.7597657115072,29.0071203257711,3.78006690588641,288.063538206591,-548.661872518215,66.4430378869814,65.9814808191612,311.47738604005,304.408617163268,384.429242181622,-588.600986641204,27.2707012125409,48.0754283781408,130.193022361897,120.991637140687,0,0
278,1,456.949353935436,-552.53170484126,36.8028830485737,60.1817977752773,62.1921845887406,15.6849941171682,508.963791470521,-525.031788010915,19.8875682698298,37.5303578966083,37.8411303148305,4.83977062023389,288.503414745386,-548.985501920222,68.4724286680699,73.1730276043805,333.738959571255,325.618490210418,384.749745037477,-588.610835541446,28.0773121268121,56.8849577700917,140.758662120966,128.75209723177,0,0
279,1,457.350565920605,-552.467090902693,36.9074496760215,71.8499173491239,73.1820495636517,13.8997034234851,509.213993856498,-525.030327891176,19.9198334072981,45.9253852539518,46.2530015109728,5.49537424113691,288.991234929415,-549.357974940378,70.643218602806,84.179518745384,359.557735740795,349.56483512339,385.128978089277,-588.642317784746,28.9356594416906,67.1254007199849,153.221645668486,137.735446706868,0,0
280,1,457.829565369599,-552.384371844351,37.0001143655114,83.5499470129349,84.2920095169464,11.1601622990325,509.520163091524,-525.011046319087,19.9564692355723,53.3194475018576,53.6143507675747,5.61561451002408,289.552431721051,-549.767136776097,72.9736508369619,100.03243862765,389.581195584703,376.519613267904,385.576480760744,-588.696043160343,29.8538957530697,78.8107387951015,167.832977536094,148.178189350529,0,0
281,1,458.386565016352,-552.283870447594,37.074515447505,94.8184347185418,95.1173197441641,7.53451742576736,509.87562607487,-524.974305231844,19.9939066656391,59.0353873766702,59.2533469106978,5.07761335727572,290.219314645235,-550.198086883062,75.4837815920813,121.797619538214,424.534874605402,406.688086413961,386.101885686045,-588.771877704225,30.8417503487399,91.9379100457718,184.808947366214,160.317708700641,0,0
282,1,459.018687914475,-552.166514001617,37.1247455636768,105.175088047594,105.222900736604,3.17170200464147,510.269195324048,-524.920974530985,20.0277574213543,62.3826119710117,62.4968038612153,3.77627018914275,291.03129877549,-550.633748884753,78.1950355015077,150.53366873702,465.217352337141,440.189504068591,386.71480508635,-588.868870756038,31.9105350734109,106.499162476513,204.333685996283,174.385158842801,0,0
283,1,459.719855168126,-552.033800057762,37.1458902437077,114.159639994671,114.17217579861,-1.69184008576764,510.685079403855,-524.852451281401,20.0529325559486,62.7046900016126,62.7259857118856,1.63436083205148,292.03485656707,-551.055614289803,81.1296321952983,187.244637181382,512.471724205934,477.039530812086,387.42479950286,-588.985216462788,33.0731027990295,122.497781287251,226.567636900302,190.596924608683,0,0
284,1,460.480919434757,-551.887723134162,37.1346113098026,121.375636052508,121.562065182294,-6.72983389344175,511.103110670532,-524.770661857594,20.0638282948289,59.4350674428568,59.4512509833138,-1.38708382732684,293.283154148279,-551.44462898207,84.3098957340456,232.828587706072,567.131483402977,517.135348060502,388.241451378108,-589.118254052585,34.3437489630874,139.966355119924,251.658506969185,209.14450402629,0,0
285,1,461.290090341774,-551.730664320807,37.089745750513,126.539406090214,127.063541762517,-11.5291956168203,511.499344453484,-524.678043444799,20.0545810693134,52.158959387711,52.4253859299436,-5.27864049681792,294.835344732986,-551.78217854554,87.7574647211156,288.024212940007,629.945698774503,560.24426473172,389.174560412241,-589.26450915356,35.738045656596,158.986409856769,279.751297614872,230.18277519845,0,0
286,1,462.133686382375,-551.565248919744,37.0128844464008,129.531733791438,130.467629740699,-15.5991137934166,511.847070849402,-524.577501956639,20.019390132668,40.6786492484116,41.8833800661559,-9.97321518321783,296.755506152587,-552.051117364939,91.4924264859937,353.35809017306,701.493925511538,605.996524444518,390.234469811286,-589.419776179624,37.2725974912523,179.707949960601,310.995016011781,253.816769944632,0,0
287,1,462.997231274318,-551.394180417416,36.9088903544447,130.44903169548,131.738439544699,-18.3865870510022,512.118261844392,-524.472344523639,19.9529020314465,25.0786144182484,29.397303080754,-15.3383352187429,299.11122675374,-552.236778215755,95.5324033156238,429.095499673519,782.103372063669,653.882815765404,391.432522811023,-589.579239507568,38.9647092908832,202.367235696039,345.545051787079,280.087280559612,0,0
288,1,463.866891485621,-551.220061950673,36.786313107438,129.650241346883,131.07865460928,-19.2984095944158,512.28545260718,-524.366186224289,19.8506464633216,5.78617166103186,21.9472699004084,-21.1708023841904,301.97186341823,-552.327894744567,99.8916220873932,515.197933096917,871.779229764374,703.256791777534,392.781637715664,-589.737628995788,40.8319578279473,227.301015769748,383.561566048553,308.955859597547,0,0
289,1,464.731226427934,-551.045218714241,36.6576570434753,127.795280350975,129.019205442854,-17.7291199195277,512.32402708492,-524.262832624573,19.7095077807603,-16.3772225094021,31.745185906677,-27.1945474521459,305.406516305543,-552.317369657592,104.580000699243,611.290442562867,970.155261210568,753.342701355658,394.296977820795,-589.889403495165,42.8916635585976,254.955449824797,425.205333126648,340.290014434716,0,0
290,1,465.583194963607,-550.871536203253,36.5394629106784,125.870724066405,126.549949458747,-13.0939119826884,512.214845601524,-524.16614187731,19.528210797746,-40.1591856667579,52.0181775026826,-33.062525573275,309.481785922629,-552.202827079393,109.602285374948,716.6417999332,1076.46778117867,803.24804046088,395.996680819627,-590.028954494966,45.1602636548291,285.888107553285,470.633137003146,373.849621646222,0,0
291,1,466.42233312405,-550.700329565705,36.4521701641272,125.19860248679,125.293089147711,-4.86498957151689,511.947117697079,-524.079872481525,19.3077939605908,-63.8592759901485,74.4967041875229,-38.3634175330787,314.259397922184,-551.986898491774,114.957272311354,830.160032763212,1189.55337460368,851.980956966521,397.902601536649,-590.150820999063,47.6525944658039,320.761725948884,519.994935663033,409.275760681591,0,0
292,1,467.256990473962,-550.532258490541,36.4197369003171,127.424757701289,127.638905842541,7.39062984115009,511.521389190478,-524.007525140256,19.0520378437036,-85.3362149324511,95.3934205381718,-42.6337319850727,319.793798140605,-551.677207502389,120.637145357797,950.405275887283,1307.86930055115,898.471991154857,400.041013042975,-590.249906152741,50.3810995370145,360.328838490062,573.434519181528,446.083261220764,0,0
293,1,468.106488858637,-550.367299886599,36.4690077659247,134.484162743908,136.604370271408,23.9742350934936,510.952481090929,-523.952189263463,18.7678129638032,-102.043282525298,111.677117608952,-45.3756221875349,326.129833313187,-551.286038497981,126.626958632163,1075.62103994493,1429.53504231599,941.599604735029,402.443205299575,-590.321685998521,53.3549879451529,405.406944317252,631.094358838271,483.658246344293,0,0
294,1,469.003049943596,-550.204787116847,36.6288359998813,148.541933357157,155.214989576424,45.0220726280705,510.27219254076,-523.916406286386,18.4653088158863,-111.094344860629,120.271985635638,-46.0803327757816,333.300640246153,-550.829696608704,132.904289330396,1203.78398266039,1552.39326443365,980.218838091409,405.14591826169,-590.362400956151,56.5793762541149,456.84453553462,693.123948582082,521.261813727204,0,0
295,1,469.993329499311,-550.043519848203,36.9289831507351,171.910415998451,185.796569064053,70.4781806463021,509.531563575022,-523.902062843004,18.158106597381,-109.361166620539,117.976774456188,-44.2566892851341,341.325866797222,-550.327589575069,139.439081584339,1332.67112587559,1674.08811813747,1013.19232998801,408.191548498588,-590.369221111654,60.0544550122962,515.479010202657,759.689446409763,558.040719864475,0,0
296,1,471.1393989393,-549.881942885573,37.3988376883772,206.944613332357,229.872257470783,100.075880048269,508.802489130885,-523.910326690661,17.8630620021468,-93.6004713741028,101.579591698621,-39.4634667534977,350.210340969726,-549.80108408154,146.193697117593,1459.94225883022,1792.15825595633,1039.42282795508,411.628075233272,-590.340377096616,63.7747264780594,582.088221862386,830.981160875148,593.045522450421,0,0
297,1,472.51902969485,-549.718386031395,38.0660102220323,255.920179013219,288.568921808703,133.329983903393,508.178485988391,-523.941636907025,17.5999722237902,-60.6067565289891,68.2320852562193,-31.3438753418881,359.943289361928,-549.272207900561,153.123182637293,1583.23408804607,1904.14111961467,1057.88620647797,415.508663379022,-590.275249219678,67.7283632943955,657.33810070347,907.214741440381,625.256114284612,0,0
298,1,474.225164221604,-549.551350524564,38.9548767813882,320.900111801592,362.933993728435,169.541151492485,507.774440944865,-523.995757121353,17.3910130548442,-7.384318649747,21.000901326614,-19.6598498114604,370.498183282235,-548.762282980611,160.175757347146,1700.26162845474,2007.68418823631,1067.66389584857,419.890917383711,-590.174408614938,71.8967373896263,741.729369217387,988.622121719054,653.613985768864,0,0
299,1,476.364498300282,-549.379821546317,40.0851511246715,403.597920513366,453.957619856011,207.812990889938,507.725212153867,-524.07189633843,17.2599473894345,68.6704845818923,68.8064480927353,-4.32340680787426,381.833260805266,-548.290582022743,167.293516652803,1808.92147489414,2100.65807220903,1067.9735174637,424.835779845161,-590.039605589565,76.2541639614187,835.546807741588,1075.42950593711,677.059934062686,0,0
300,1,479.055151103704,-549.203581283342,41.4705710639377,505.246228813272,562.42604227704,247.081568113409,508.183015384412,-524.168896328644,17.231124677382,169.587767283471,170.213176153016,14.5778778944326,393.892737304561,-547.873101305284,174.413340102561,1907.39103947951,2181.26575259538,1058.19644015598,430.406091896771,-589.873702210314,80.76789685517,938.814747658353,1167.82192888082,694.575357433668,0,0
301,1,482.423459295792,-549.023493762212,43.1177815180271,626.480373203165,688.740089791893,286.155994656355,509.313600499636,-524.285477815461,17.3283105300116,296.655900416275,298.925284783525,36.7641487201977,406.608677567757,-547.521535391876,181.467983036934,1994.21766727225,2248.14200373217,1037.90094155663,436.66485688116,-589.680548579096,85.3983992380611,1051.2624362737,1265.89680756792,705.224799259451,0,1
302,1,486.599995117147,-548.841731691642,45.0254881490695,767.246389854304,832.762051419103,323.767835862813,511.291306502411,-524.420530216011,17.5734048548129,450.279558440994,454.494999255529,61.7577816835022,419.903462016239,-547.242525443165,188.387322647312,2068.39180623033,2300.43716050091,1006.85970489075,443.673273122985,-589.464805261038,90.0998978997907,1172.30259695406,1369.61181009578,708.197099350607,0,0
303,1,491.714971049509,-548.661917286807,47.1839403881549,926.741818592484,993.711843881063,358.626310163377,514.293170225351,-524.57342213691,17.9851233993696,629.876526994815,636.11793337592,88.8908651291072,433.692740724441,-547.03723333015,195.099720679917,2129.3991320155,2337.87991237867,965.060527259983,451.488623769345,-589.231717880313,94.8212118954615,1301.02589175835,1478.73453955888,702.842420076362,0,0
304,1,497.893249840126,-548.489153681981,49.5747824559108,1103.39598454827,1170.11710449371,389.475723905216,518.492347071983,-524.744303086601,18.5777291668969,833.824095972494,842.038061023106,117.326353336349,447.888734937878,-546.901270303836,201.533457528317,2177.24769867872,2360.81467726198,912.709372677754,460.162129714401,-588.986853781123,99.5068280293039,1436.2130991623,1592.80234076173,688.70257044,0,0
305,1,505.249223070447,-548.329930951499,52.1712872819455,1294.89394276059,1359.81652722679,415.151375670431,524.051174378466,-524.934362018944,19.3599048558059,1059.46303436251,1069.48814815083,146.092360698515,462.403719595736,-546.824983618769,207.618186679502,2212.4677427517,2370.21022736248,850.22526966497,469.736883708816,-588.735814511204,104.098178498904,1576.36569422606,1711.09972022437,665.532456473091,0,0
306,1,513.881849355518,-548.191900529664,54.9389631197484,1498.24526246182,1560.01357846404,434.630300948851,531.114261274216,-525.146006527868,20.3338539271294,1303.16330709783,1314.74525433187,174.127765798603,477.153504547414,-546.794079356627,213.286355143935,2236.08360579442,2367.63746627385,778.227010326074,480.24598833699,-588.483941264488,108.535061542058,1719.75424035485,1832.65862005288,633.311116620924,0,0
307,1,523.870151105263,-548.083523227112,57.8364984594074,1709.89552835103,1767.37591253762,447.073705716781,539.802016654868,-525.382928815201,21.4947056991201,1560.45113126113,1573.25849342536,200.336102789504,492.060728586044,-546.790536772752,218.474535212776,2249.55921398048,2355.21545015821,697.512121370967,491.711016606022,-588.236032822537,112.757135652864,1864.48267351158,1956.28365981059,592.241604260479,0,0
308,1,535.269454627604,-548.013608119228,60.8169898308526,1925.8751349203,1978.17373526647,451.858707555606,550.205024196609,-525.650031645752,22.8302797177168,1826.19208048283,1839.83533675919,223.643805122318,507.05779001258,-546.793750533919,223.124616021915,2254.72048980218,2335.52583681242,609.029102165529,504.1409010961,-587.996096516556,116.705413014601,2008.56529980426,2080.60114921967,542.7398811184,0,0
309,1,548.108622193739,-547.990771203549,63.8293812145567,2141.97695296455,2188.44817523037,448.597981089808,562.379638066495,-525.953199476464,24.3212384185322,2094.82021504215,2108.87389595174,243.058379154995,522.089259944595,-546.781823548039,227.184810036352,2253.65978725213,2311.49702886512,513.844410084364,517.531336428128,-587.767151985058,120.323678888723,2150.01225632324,2204.12777636363,485.413794815884,0,0
310,1,562.388468546836,-548.022852702219,66.8200344218221,2353.95204380144,2394.19876105298,437.146980900764,576.345106166776,-526.298916096887,25.9416276128988,2360.59914617776,2374.62607880962,257.722108534739,537.113658526276,-546.732925513524,230.610439436915,2248.62876623189,2286.26069239695,413.106070245694,531.864751470283,-587.551104920343,123.559770854162,2286.91841033593,2325.35276354204,421.034035891633,0,0
311,1,578.081482172179,-548.11633909979,69.7343476278271,2557.71102394049,2591.57770448097,417.599468840801,592.082433807961,-526.693748882623,27.6597750031304,2617.89799250345,2631.4741434882,266.957428616195,552.104516967821,-546.626631103202,233.364479905219,2241.92691642198,2262.98564460858,308.006053718292,547.110874205856,-587.34870370396,126.366664426773,2417.5502734653,2442.82608994143,350.499616214326,0,0
312,1,595.132888998449,-548.275839520167,72.5183440867658,2749.51809780638,2777.07810037831,390.272988350492,609.535087091317,-527.143738833681,29.4394911939051,2861.46369182431,2874.20199946907,270.301080506825,567.050696410635,-546.445156587433,235.417853596675,2235.79311980288,2244.69784397542,199.743676220319,563.227876028958,-587.159586170417,128.703328534869,2540.4255272644,2555.2450656792,274.800811682381,0,0
313,1,613.463009650491,-548.503665224063,75.1201640091024,2926.16523594318,2947.70350502596,355.686611358838,628.611511703479,-527.65375220742,31.2414983972839,3086.67126134384,3098.24294019062,267.525402223811,581.955983875987,-546.174423975679,236.74947810481,2232.30718338485,2234.10031456565,89.4922038543825,580.16404621072,-586.982417222404,130.535333946085,2654.38019342134,2661.53197146702,194.982624645415,0,0
314,1,632.970777890113,-548.79955560575,77.491408084828,3085.11543291859,3101.10765132411,314.533671756342,649.189320112438,-528.22686105456,33.025001078776,3289.73533102492,3299.88735153467,258.646447152989,596.83803176522,-545.804896333271,237.346092797173,2233.30722646594,2233.411963358,-21.6293847724486,597.859914166863,-586.815111256297,131.835218110387,2758.6192922663,2760.89648816301,112.111634931473,0,0
315,1,653.53821410957,-549.160584284745,79.5882992298703,3224.60628728699,3235.69520286856,267.652270410401,671.120888985938,-528.863824151591,34.7493107264626,3467.86940656975,3476.437129062,243.919846052763,611.726746608326,-545.332145479993,237.20189689869,2240.32727926598,2244.24669405129,-132.577922509135,616.250709448638,-586.65512695899,132.582629009931,2852.7479383623,2852.87807108544,27.248644917205,0,0
316,1,675.03558935815,-549.581265373009,81.372647699273,3343.70808144886,3350.67725271994,215.996106326914,694.240018363069,-529.562735457508,36.375443033481,3619.38350416283,3626.29772074473,223.826292629798,626.662261803432,-544.757132345076,236.318044081962,2254.55760019859,2267.5510239861,-242.39982212696,635.26902903772,-586.49981654941,132.764286642712,2936.78111813971,2937.36513175281,-58.5711650496975,0,0
317,1,697.326976567809,-550.053863802998,82.8126217414524,3442.33382718951,3446.07849781501,160.607706196562,718.369241724155,-530.318894232583,37.8676183176796,3743.71560080881,3749.00347537882,199.049136303558,641.692645804756,-544.086199380804,234.702045267782,2276.82823479731,2303.60858650012,-350.236647178467,654.847569825318,-586.346807372437,132.373812209047,3011.13176647225,3014.58974819458,-144.349696437347,0,0
318,1,720.275868749072,-550.568896088895,83.8833397827628,3521.20208900166,3522.69640767433,102.595463116011,743.327345729547,-531.124930441223,39.1946125597034,3841.39728936917,3845.17687996734,170.446776040523,656.871500703405,-543.330792269656,232.367134286592,2307.61441490446,2352.10608394235,-455.322679254759,674.9217816018,-586.194391156389,131.411480899465,3076.57809281572,3085.09852019071,-229.129042439663,0,0
319,1,743.750549342417,-551.115790608359,84.5673095368696,3581.75652013147,3582.01600844789,43.1151397151716,768.936660992008,-531.971193127865,40.3309243999735,3913.95866463872,3916.42689885455,139.022392336446,672.255596802768,-542.506943534524,229.331649758227,2347.06071168829,2412.24282954651,-556.975299584997,695.432302220571,-586.041895297193,129.883953949867,3134.21230192246,3149.70200956196,-311.987172038423,0,0
320,1,767.628926143293,-551.683661018033,84.8547438016374,3626.04870356897,3626.08690360204,-16.6442728902531,795.029718756266,-532.846380935776,41.2577403488832,3963.78141197828,3965.19563591987,105.893102577368,687.902668214023,-541.634562670465,225.618481094327,2395.01955606161,2482.85986001908,-654.579567796325,716.327050900054,-585.890011164947,127.804039469611,3185.37382982657,3209.40684706327,-392.027899813993,0,0
321,1,791.802584167086,-552.262134223905,84.743781982369,3656.59290060687,3657.3716702358,-75.4711433256567,821.454928169455,-533.738366038804,41.9636943660656,3993.91204084621,3994.5656703223,72.2599785572896,703.869465254434,-540.736585448604,221.254617309019,2451.09892357053,2562.56611833455,-747.568844794627,737.562876432231,-585.741056466336,125.190520137518,3231.5709208198,3265.33592517804,-468.367471084581,0,0
322,1,816.179870171132,-552.842166637948,84.2406410268646,3676.2025652179,3678.57665061309,-132.139600124997,848.081008441763,-534.635138683958,42.4454275564475,4007.84904057279,4008.04250073462,39.3796352799672,720.210124744904,-539.83803880109,216.270825010388,2514.71369226364,2649.84606898146,-835.403636117442,759.10668257103,-585.599151901315,122.068070330287,3274.3947831762,3318.64299674712,-540.12049004568,0,0
323,1,840.687887272585,-553.416780120287,83.3597103593647,3687.81895264644,3692.47725433774,-185.417491902014,874.800002045582,-535.525782150976,42.707958458314,4009.31839765176,4009.32748735389,8.53739436569434,736.974882693329,-538.965077198052,210.701467436271,2585.13541206374,2743.14143638392,-917.551002015958,780.935981125538,-585.470296469419,118.467267063316,3315.4306865354,3370.42832949534,-606.388066376768,0,0
324,1,865.273346956894,-553.981652437284,82.1235937466846,3694.34187695078,3701.75004549407,-234.075832847262,901.52879136326,-536.40137940402,42.764874420752,4002.05147850696,4002.09647842015,-18.9785658881799,754.209118773754,-538.14404199035,204.584460756165,2661.53591559872,2840.90652165306,-993.466876523294,803.038852369107,-585.362330571181,114.424679954138,3356.17023239583,3421.66172320089,-666.250943112399,0,0
325,1,889.902292803233,-554.535506172951,80.5630881943695,3698.47175670145,3708.82297261126,-276.901619805248,928.209134553306,-537.25575430232,42.6383506481641,3989.57791521573,3989.79796594042,-41.9030720267482,771.952691544412,-537.40058740491,197.96134824601,2743.02125871354,2941.64056734164,-1062.58345633442,825.41332058508,-585.284781311092,109.983007000055,3397.92868900382,3473.11815160334,-718.77000455038,0,0
326,1,914.558771181242,-555.080254232332,78.7170773956678,3702.57067547744,3715.75304468701,-312.715657099753,954.806320654745,-538.085962146771,42.3589968346524,3975.04406017809,3975.48220481939,-59.0210172610021,790.239499935835,-536.758906563112,190.877458537114,2828.65378460844,3043.90218694315,-1124.30346904102,848.066178511772,-585.248589977102,105.191206969719,3441.77079073856,3525.32963459917,-762.995974171547,0,0
327,1,939.242575684425,-555.6208783375,76.6323063483361,3708.54844199212,3724.1376693653,-340.39658309599,981.306614389265,-538.892465664326,41.9655233862458,3961.06505288524,3961.66941406303,-69.1967711227782,809.097191833225,-536.241079042777,183.38210207684,2917.46152787377,3146.31084882749,-1178.00262768213,871.011317116696,-585.265727412466,100.104567141909,3488.44781940456,3578.55490058852,-797.989340666677,0,0
328,1,963.966231964373,-556.165037836251,74.3629957943629,3717.77773457824,3735.06209909841,-358.911688853482,1007.71371474183,-539.678961354021,41.5042115787606,3949.61581886846,3950.26126363823,-71.4068228161178,828.546935352383,-535.866549220645,175.528751225626,3008.43558382336,3247.53965892008,-1223.04095362507,894.267635912726,-585.348708780021,94.7846382041309,3538.34816499522,3632.76629136732,-822.850649249097,0,0
329,1,988.751416861561,-556.722428061175,71.9702512020063,3731.04051329589,3749.0815626265,-367.354394788882,1034.04448686762,-540.451854702626,41.0281660933198,3941.96362204307,3942.49580082139,-64.7760911402017,848.603172577873,-535.651733034944,167.375144868126,3100.51734655283,3346.30278190071,-1258.7829407334,917.856623679361,-585.510024900087,89.2989672091369,3591.46295031117,3687.6515523061,-836.760328748811,0,0
330,1,1013.62502028353,-557.30392861208,69.5212219034138,3748.50611004572,3766.23338356607,-364.987455178158,1060.32424434791,-541.219417853026,40.5963254857184,3938.64229838786,3938.94235023605,-48.6177316741585,869.273288221558,-535.609740944495,158.98325859657,3192.57856842157,3441.34004815834,-1284.62578656735,941.799710014768,-585.761512735062,83.7205650174782,3647.36772741144,3742.62693926962,-839.026261558123,0,0
331,1,1038.61506101717,-557.920600530771,67.0879722022261,3769.73985785855,3786.0722872736,-351.290148643098,1086.5818596705,-541.990696400627,40.2722072745574,3939.46614091855,3939.53025458412,-22.4755720718854,890.557145344369,-535.75019761478,150.419086686121,3283.39794232111,3531.40070273007,-1300.03418247519,966.115494864178,-586.11369245784,78.1270566070907,3705.22072963935,3796.85762820625,-829.136414300351,0,0
332,1,1063.74666006956,-558.582605802802,64.7460378779387,3793.73985241104,3807.72144424477,-326.00694653592,1112.84496727662,-542.774259772472,40.1223701274115,3943.57965943702,3943.60391856392,13.8324324416953,912.446464959843,-536.079134863962,141.752192136286,3371.63831264418,3615.22786999787,-1304.57948808004,990.816966395107,-586.575102585347,72.599480511755,3763.77769266761,3849.28173816539,-806.813101003739,0,0
333,1,1089.03825908564,-559.298131661165,62.5726582343659,3818.9984732597,3829.93247904094,-289.194493814679,1139.13549833953,-543.57690925062,40.2145863436894,3949.53813032826,3949.99647061622,60.1720447033209,934.924053710804,-536.598933964352,133.054995549086,3455.82866603786,3691.54511419679,-1297.98057040203,1015.90881767956,-587.15166755025,67.2207265050635,3821.42283260845,3898.63523443641,-772.064910229616,0,0
334,1,1114.49824890737,-560.072404891663,60.6446949422681,3843.58462010686,3851.14926849656,-241.263251075713,1165.46575254172,-544.402467020658,40.6157333083783,3955.41296777162,3957.1151701954,116.054834344229,957.96291148439,-537.308296463048,124.401791746406,3534.35474964535,3759.04644044799,-1280.1432127321,1041.38496989695,-587.84613347653,62.0736271035327,3876.21517289891,3943.4763326474,-725.232045305789,0,0
335,1,1140.12214637475,-560.906877344184,59.03627326843,3865.24220848108,3869.57232130111,-183.009889229834,1191.83517232687,-545.250767490863,41.3894322040064,3958.91544536779,3963.03302049711,180.607912281743,981.525276482025,-538.202228828628,115.867503661525,3605.46154615472,3816.3911582864,-1251.19483384732,1067.22640438294,-588.657607494849,57.2387468014941,3925.94902639379,3982.20950723409,-667.020840501437,0,0
336,1,1165.89042776462,-561.798653264004,57.8162073402311,3881.50027345374,3883.22239691446,-115.636547322326,1218.22794196265,-546.116958434341,42.5934849525514,3957.53211783177,3965.58248777899,252.554951860654,1005.56168678972,-539.272034667223,107.526204769209,3667.26995373112,3862.2051500902,-1211.51133211548,1093.39939789223,-589.581233426703,52.7919411981512,3968.22704920874,4013.11055776129,-598.523545688307,0,0
337,1,1191.76709625431,-562.740212536082,57.0452970247489,3889.78999849868,3890.00347960664,-40.7533916557671,1244.61148941486,-546.991195237537,44.2771846316224,3948.66537376005,3962.44851891914,330.212100252077,1030.01015314793,-540.50531791535,99.4494625551062,3717.80894114885,3895.09015754494,-1161.73319334395,1119.85424488696,-590.608031942334,48.8017842268958,4000.54387900684,4034.35518245899,-521.220117008785,0,0
338,1,1217.69902957764,-563.719462648128,56.7736077470438,3887.56407179592,3887.7661475439,39.6384367743494,1270.93592523993,-547.858778687335,46.4785986333029,3929.77283562783,3951.25909832369,411.502032130306,1054.79554608892,-541.88601006164,91.7045745994798,3755.06325002826,3913.64261641163,-1102.76856922947,1146.52453741367,-591.724926372721,45.3269834468372,4020.37795251192,4044.0539870177,-436.959687923058,0,0
339,1,1243.61612338961,-564.720127714614,57.0378639922061,3872.41393653181,3874.37276842375,123.185440932495,1297.13441081078,-548.70074813583,49.2219455141716,3898.49976628443,3929.67241325338,493.98871218366,1079.82930108911,-543.394442777721,84.35278413795,3777.03547774136,3916.48324085541,-1035.78181862033,1173.32705709708,-592.914966433136,42.4139188606835,4025.2886758973,4040.29672826279,-347.920577293091,0,0
340,1,1269.43221629982,-565.722457161618,57.8591002650894,3842.18072157423,3847.76587440768,207.242676636884,1323.12440925268,-549.494900990653,52.515203595396,3852.79920991436,3895.46034986647,574.934418403599,1105.00953760739,-545.007493146047,77.4475720138145,3781.82017727925,3902.2979273632,-962.16696088916,1200.1623149364,-594.157751595415,40.0944483453962,4013.0157192868,4021.20785071718,-256.549050722366,0,0
341,1,1295.04675444365,-566.704211711113,59.2407181093353,3795.05590657707,3806.04059912935,288.956239204798,1348.80973731877,-550.217170030588,56.3480997180867,3791.03527036008,3846.58853688079,651.37926812927,1130.22167212258,-546.698830990159,71.0331256078867,3767.68653132995,3869.88961523117,-883.50655668705,1226.91575306498,-595.430044317708,38.3841213405805,3981.5768545599,3985.01410076093,-165.478501613802,0,0
342,1,1320.34712715416,-567.641862176373,61.1670930373673,3729.66809791626,3747.52128075627,365.36506278905,1374.08330578784,-550.843255734338,60.6906281722818,3712.0657017358,3781.2934612312,720.241949588167,1155.33958233145,-548.439296027176,65.1430818966397,3733.16526686267,3818.23957086853,-801.517629772722,1253.45959876204,-596.706551549267,37.2809313298218,3929.36049237251,3930.12335917615,-77.4321594954536,0,0
343,1,1345.21158114027,-568.511919157324,63.6028601226276,3645.15268640436,3670.84134024815,433.518209622094,1398.83041046608,-551.350384925641,65.4922411695363,3615.30085198964,3698.15725018205,778.438691662384,1180.2273507772,-550.197426501046,59.7996310314882,3677.13483348177,3746.57528036969,-717.987289492062,1279.65533537786,-597.960841719251,36.7647169331854,3855.20894079304,3855.21203729752,4.88624119769625,0,0
344,1,1369.51259904963,-569.292300519615,66.4929815201083,3541.2016469262,3575.02444833771,490.602386887316,1422.93241614601,-551.719052141288,70.6818324472855,3500.73695621066,3596.18051460792,823.015830386384,1204.74158300041,-551.940150924891,55.0130491015412,3598.90152121452,3654.44090185578,-634.701619468806,1305.35672831648,-599.166354664543,36.7972918745034,3758.48844309049,3759.31667934625,78.9082933924032,0,0
345,1,1393.12061002914,-569.963639561965,69.763664099357,3418.09134469707,3459.5639406697,534.073233638428,1446.27066252075,-551.934597783556,76.1686046498614,3368.96281430159,3474.85320030079,851.289797597614,1228.73425980851,-553.633641331319,50.7817049717491,3498.26817420515,3541.76522079702,-553.372081506459,1330.41331793708,-600.297454467967,37.3233471637861,3639.14228797691,3641.924037997,142.316922389909,0,0
346,1,1415.90788566046,-570.510440418572,73.3241523236132,3276.68694520838,3324.49658939378,561.783086245769,1468.73041461609,-551.98848771878,81.8438699671788,3221.13998843217,3334.22279378788,860.987115779231,1252.05604763654,-555.244311165436,47.0925577617061,3375.58648214878,3408.92142577522,-475.564074172784,1354.6742665236,-601.330470640938,38.2721266463855,3497.72374271262,3503.05303388151,193.15583825213,0,0
347,1,1437.75246529518,-570.921998242438,77.069372898585,3118.42288395155,3170.46635299784,572.097554914135,1490.20468120564,-551.879181694527,87.5837840723737,3058.95778820325,3174.95864314576,850.376173041477,1274.55995751753,-556.739925103246,43.9221306005542,3231.78849840307,3256.77289558076,-402.632332257559,1377.99242480835,-602.24467195904,39.559832234733,3335.40624361799,3343.32180085718,229.925757845911,0,0
348,1,1458.54195118819,-571.193019165836,80.8833565980126,2945.25981949612,2998.7737410148,563.993391327916,1510.597733127,-551.612510776639,93.2529585593169,2884.56543182126,2998.41079502476,818.382285526055,1296.10521417355,-558.090773223399,41.2379150521704,3068.3940192146,3086.69962078846,-335.667531679315,1400.22846643247,-603.023119748416,41.0926706203724,3153.96917759465,3163.99351278142,251.661232027998,0,0
349,1,1478.1770166515,-571.323897475845,84.6433125401987,2759.61953324223,2811.40703040553,537.130824251948,1529.82816933914,-551.201523997171,98.7088404628239,2700.48482571979,2806.66182276544,764.677901750937,1316.56117430165,-559.270849666976,39.0001315076417,2887.49171777521,2900.60087039123,-275.457780964556,1421.25492761643,-603.653353443908,42.7704121672257,2955.75867089782,2966.9958688956,257.982878222413,0,0
350,1,1496.57448020644,-571.320633001064,88.2241847018784,2564.30029867295,2611.052753923,491.894767195934,1547.8314015106,-550.665807932663,103.806693141163,2509.5083330616,2602.57073337331,689.740783559763,1335.81111908682,-560.258967574611,37.1637463012113,2691.69339436148,2700.87119198028,-222.467674999677,1440.95998542242,-604.12787043528,44.4902980220418,2743.62401735093,2754.91090845465,249.121185244436,0,0
351,1,1513.66981553093,-571.19439826891,91.5034831498512,2362.37625753135,2401.08450444236,429.400995952899,1564.56145706435,-550.030326079894,108.404965031562,2314.58664340639,2389.80900701065,594.874575144997,1353.7557417159,-561.039738762447,35.6806284678801,2484.06229498447,2490.34868512612,-176.836331521241,1459.25081220476,-604.444373978076,46.1511059236714,2520.83166040101,2530.93411048746,225.909742040603,0,0
352,1,1529.41899058114,-570.960790407727,94.3661564562039,2157.08523903489,2185.5307569846,351.465448178711,1579.99203468706,-549.323863842363,112.370795532529,2118.71235724642,2172.88922106999,482.188256071703,1370.31615701579,-561.604348934249,34.5017195910719,2268.01806565071,2272.23655527197,-138.394425452219,1476.05635660743,-604.605776468635,47.6571708706087,2290.95991204301,2298.80435934487,189.747632277286,0,0
353,1,1543.79955884137,-570.638825030305,96.709259444062,1951.71017027615,1969.02314736848,260.537072436028,1594.11678373536,-548.577196335514,115.58538390634,1924.80511663485,1957.18386767329,354.533432636281,1385.43627745346,-561.95106737868,33.5790900880571,2047.22243758702,2050.00105922785,-106.698799785146,1491.32942268772,-604.619959738197,48.9221550857906,2057.77875968516,2062.70913941344,142.532698032197,0,0
354,1,1556.81095997655,-570.249746759712,98.4461732603022,1749.45968736048,1756.72433697407,159.596987495202,1606.94881784626,-547.821117493312,117.948940123915,1735.60401784565,1748.91936215285,215.401087627647,1399.08442703738,-562.085443700399,32.8677647561561,1825.45106866148,1827.25090704205,-81.0818919897578,1505.04794775228,-604.4993082211,49.872373072672,1825.1200920649,1827.17201916852,86.5692622896169,0,0
355,1,1568.47402455895,-569.815742408992,99.5101531769369,1553.35371612815,1554.22481549862,52.0289313996777,1618.51951129857,-547.084478538574,119.384947374766,1553.57262186669,1555.09448846465,68.7820953401364,1411.25410082845,-562.020162310402,32.3272188095577,1606.45799281359,1607.60481501651,-60.7120959085202,1517.21541503272,-604.260043924887,50.4495014879361,1596.74438680308,1596.93165523795,24.4555661118046,0,0
356,1,1578.8297159998,-569.358647401,99.8570127196014,1366.11961446549,1367.37295790236,-58.5320850073231,1628.87666211101,-546.392381283688,119.843494677034,1380.82113981426,1383.19495797123,-81.0016765201738,1421.96382078055,-561.774546842915,31.9224715035009,1393.83976388669,1394.55506799145,-44.660388141066,1527.8603776114,-603.921403189016,50.6125385953481,1376.21027854527,1376.822144783,-41.042509562751,0,0
357,1,1587.93718009624,-568.898733675426,99.4667988195526,1190.1039428542,1201.95424263861,-168.364505166137,1638.08213637644,-545.764657552572,119.303483500233,1219.04933892138,1240.46178377261,-229.48670174038,1431.25608587312,-561.373729724749,31.6247355825605,1190.9065587561,1191.33555103233,-31.9681633064867,1537.0351128017,-603.504703528201,50.3389218649298,1166.75342168279,1171.66083009904,-107.124011220069,0,0
358,1,1595.87120638194,-568.453658485038,98.3443687851116,1027.20406884359,1063.0759648913,-273.828975969924,1646.20913196925,-545.214741808622,117.773572155297,1069.51243772271,1132.44847596775,-372.266969093555,1439.1954629315,-560.847524953496,31.4116144938505,1000.56719458493,1000.80272316983,-21.7112833474909,1544.81346894626,-603.03235388615,49.6247617901293,971.180654757325,986.134678316048,-171.08401328771,0,0
359,1,1602.71923350756,-568.037639025269,96.5188422786455,878.822655345516,954.130432198898,-371.531455060688,1653.3392148874,-544.749012138808,115.29179236134,933.01080683043,1061.00309623332,-505.19145336626,1445.8659108954,-560.229062866735,31.2668726048673,825.234220682137,825.337491023086,-13.0558455654802,1551.28800664464,-602.526863092619,48.4842017015446,791.7846734911,824.635428163157,-230.435718165451,1,0
360,1,1608.57805120986,-567.660899055562,94.0419659115742,745.846701522714,875.490323787664,-458.471378467092,1659.55928693294,-544.366637884235,111.923849338898,809.90275889759,1022.74284040817,-624.548187681505,1451.36747236661,-559.553262571543,31.1798336344307,666.754010514057,666.775091290118,-5.30205887990771,1556.56657113458,-602.009899206989,46.9479635804416,630.283265809339,690.90917614087,-283.016774266774,0,0
361,1,1613.55036255335,-567.329412121288,90.9854900551269,628.651294595215,823.652687768036,-532.166609128448,1664.95863865892,-544.059933462098,107.760194754355,700.138214534638,1009.47915552116,-727.223931110608,1455.81249910337,-558.855229323925,31.1444865752314,526.365186804981,526.369321049259,2.086207471908,1560.76845957331,-601.501446998535,45.0611850853297,487.785725874585,587.292496668204,-327.074245815498,0,0
362,1,1617.74137118398,-567.044943391042,87.4377126609373,527.126707727052,791.736280121644,-590.748483926702,1669.62622675582,-543.815180316495,102.912035213617,603.30970070903,1010.65711815698,-810.829954744977,1459.32160034874,-558.168669516915,31.1583946250441,404.686880308066,404.797604818409,9.46730020894737,1564.02036441247,-601.019102555773,42.8806901132264,364.787443117075,513.444335228664,-361.32424043027,0,0
363,1,1621.2555492355,-566.805370236029,83.4993894347593,440.726070064932,771.334387681304,-633.022328820092,1673.64829142721,-543.613845256784,97.5065021819839,518.716104869532,1016.15436377111,-873.786755198348,1462.01951288413,-557.524414606117,31.2215099597704,301.73639545136,302.216195363898,17.0228199852572,1566.45228069992,-600.577533634065,40.4718618436913,261.19197538344,465.224595712174,-384.983995058044,0,0
364,1,1624.19372303593,-566.605242155886,79.2792405759587,368.529662570756,754.60235273899,-658.49115298894,1677.10639879301,-543.434096081931,91.6812571473283,445.433981944734,1017.98897607011,-915.363383104839,1464.0310888538,-556.94913740184,31.3349954263388,216.973992433407,218.383563649493,24.7723127656686,1568.19356053581,-600.188122682334,37.9053018766377,176.358292225621,435.118447014068,-397.776087384846,0,0
365,1,1626.65058745307,-566.436524953438,74.8892995560324,309.321059367073,735.544531527922,-667.342670666774,1680.07595867264,-543.252496217445,85.578834593296,382.391061094404,1010.79268122942,-935.670305621624,1465.47758213669,-556.464330375406,31.5001441781099,149.370851785045,152.886730189796,32.5990936244791,1569.36928248398,-599.858797444887,35.253461294072,109.169442569453,414.539453353623,-399.90622800326,0,0
366,1,1628.71272784885,-566.289463322736,70.4403484182539,261.669904533937,710.353514718278,-660.402132744747,1682.62523241327,-543.045750375718,79.3410325558185,328.436934435376,991.581146486794,-935.608010956916,1466.47338781526,-556.085597136636,31.7174714689398,97.4949994803183,105.489687808659,40.2839832973502,1570.09707876778,-599.594042512002,32.5874197740503,58.1177720953065,396.302313029315,-392.017662713127,0,0
367,1,1630.45719387907,-566.153490976602,66.0376675332889,224.016107790942,677.181762856874,-639.055493205512,1684.81481197617,-542.792373590719,73.1036458161058,282.406675264838,959.287681815544,-916.776595604895,1467.12335447846,-555.82228657991,31.9860313575888,59.6091361080198,76.2471196441194,47.5433922483475,1570.48453058175,-599.3950750047,29.9739686892961,21.4010723815932,375.736439267522,-375.126466534093,0,0
368,1,1631.95063459768,-566.018118353855,61.7772975785855,194.750629984719,635.71468957132,-605.149038384194,1686.69752314461,-542.474166242845,66.9918018454065,243.174215270562,914.28588906221,-881.354065041866,1467.52074871918,-555.677476126303,32.3029873059111,33.7739803728141,63.7499103944526,54.0681914352376,1570.62720439762,-599.260159379543,27.4731255790688,-2.97626907657786,350.55550502626,-350.542870312035,0,0
369,1,1633.24897213091,-565.873734533595,57.7429706560242,172.288740326621,586.738072168396,-560.872672973601,1688.31868457974,-542.077396962997,61.1161080784607,209.693558926597,857.972533762667,-831.95281118332,1467.74590858833,-555.648287824141,32.6634419154793,17.9508994374942,62.2064562791819,59.5601243467367,1570.60736260378,-599.185030571225,25.1361731103219,-17.1029286599605,320.241225857994,-319.784196873897,0,0
370,1,1634.39756373309,-565.71227143511,54.0038195028669,155.132564418966,531.766128670599,-508.634547645077,1689.71664163925,-541.59362187472,55.5697560039052,181.027170535822,792.419364611901,-771.464589556593,1467.86558125125,-555.726500520427,33.0605094111242,10.0982013031739,64.5577538782834,63.7630764333842,1570.49334307938,-599.163391553136,23.0042784644959,-23.0664108016413,285.418600496834,-284.485005232792,0,0
371,1,1635.43178082922,-565.527693421736,50.6129225185664,141.920797474347,472.740487190974,-450.934646566223,1690.92348944283,-541.020100069008,50.4266587401946,156.361996207477,720.085775723558,-702.90429685798,1467.93290259327,-555.899404342341,33.4855965873468,8.25641499178573,66.9979275180869,66.4872461694891,1570.33956700737,-599.187450840052,21.107711762944,-22.8693695403308,247.369099596966,-246.309689968222,0,0
372,1,1636.37791947904,-565.316292446623,47.6066915414582,131.464527710727,411.793159889305,-390.244390716143,1691.96590275088,-540.359798558113,45.7406300944747,135.014479110771,643.583414968358,-629.26203004216,1467.98794535988,-556.150831428676,33.9288448951434,10.6190680554164,68.4537435855061,67.625072306835,1570.18710454377,-599.248467211919,19.4656471631558,-18.3598670423294,207.685243922995,-206.872124331776,0,0
373,1,1637.25434966378,-565.076786127598,45.0050622700173,122.769113104391,351.064634502844,-328.898346706359,1692.86599927828,-539.621012071907,41.5455498941937,116.426538106464,565.486600452389,-553.37144533825,1468.05873914692,-556.46228988251,34.3796787105223,15.5867667299617,68.9436192305603,67.1585834835298,1570.06470543015,-599.337272564007,18.0864996676107,-11.1777488594953,168.038229286008,-167.666050326269,0,0
374,1,1638.07281041781,-564.810231946879,42.8124066253082,115.042914248102,292.570360546294,-269.002869411262,1693.64217619899,-538.816650987686,37.856406925272,100.154798269625,488.184723975603,-477.800524389317,1468.16265092512,-556.814126464077,34.8274026004125,21.803677569676,68.7098294767544,65.1585781855488,1569.99018710442,-599.444748747852,16.9687259987689,-2.71809519642829,130.037304101484,-130.008893605341,0,0
375,1,1638.83976317947,-564.519783759844,41.0190541625665,107.694363964083,238.111311180107,-212.36506417554,1694.30987485412,-537.963272053529,34.6710700960099,85.8554131175424,413.773918377171,-404.768703789725,1468.30800877558,-557.18664733548,35.2617931216495,28.1767028396416,67.8990586749564,61.776658909589,1569.97206646978,-599.562239996135,16.1020000413999,5.88843785577637,95.1829181757278,-95.0006011142348,0,0
376,1,1639.55772560589,-564.210326034222,39.6032870680629,100.319329975525,189.225332610202,-160.443942031799,1694.8822442749,-537.079939889137,31.9726120707451,73.2666522811428,343.985355829131,-336.092134225733,1468.49585346118,-557.56113453589,35.6736375143801,33.8786599792115,66.5072869291784,57.231596279442,1570.01132272215,-599.681888499148,15.4686627006384,13.7795654886986,64.9759799404333,-63.4980436246839,0,0
377,1,1640.22652113906,-563.888026318129,38.5336607878509,92.6809997653891,147.172625636961,-114.324162010334,1695.37068862345,-536.18701204941,29.7319978425735,62.1911066563143,280.147035554353,-273.156782421295,1468.72171119437,-557.920707827222,36.0551814895764,38.337567916949,64.4372284540027,51.7917686225008,1570.10318649207,-599.796886482979,15.0453424098071,20.3515728689922,41.4454561669032,-36.1045609118958,0,0
378,1,1640.84439447083,-563.559847448224,37.771499707782,84.6846024151205,112.930398528669,-74.7113982310392,1695.78529600115,-535.304937192246,27.9109526264315,52.478949872841,223.17518104739,-216.917314329168,1468.97729498049,-558.250995927276,36.4004599470597,41.2146849426563,61.5809795565566,45.7555110147688,1570.23886364453,-599.901643401075,14.8046453370612,25.238276201469,28.4694437633362,-13.1734066426314,0,0
379,1,1641.40895848693,-563.233058466874,37.273423719575,76.3492080030915,87.113546443394,-41.9472098147903,1696.13515566697,-534.453145837227,26.4648371975704,44.0132495201397,173.590674198956,-167.918301669371,1469.25205954677,-558.540596680654,36.7054966871582,42.3742323964234,57.8825515288295,39.4311323740709,1570.40711881921,-599.991871374682,14.7168226261103,28.281562275788,28.7514509836138,5.17679137148415,0,0
380,1,1641.91795320695,-562.91477790703,36.9937756541431,67.7786450801023,69.6508336875028,-16.0403835512032,1696.42857733044,-533.649098056519,25.3453818531079,36.6978935415887,131.55548804289,-126.333333066983,1469.53455442941,-558.78132117799,36.9683709029853,41.8477934147745,53.3671213315284,33.1181494882856,1570.59566256772,-600.06459568763,14.7513345685869,29.496400477808,35.1061331691835,19.0368838034278,0,0
381,1,1642.36981084082,-562.611575948745,36.8868397638018,59.133287172051,59.2246784510635,3.2889034433385,1696.67322995405,-532.907534140968,24.5031596326614,30.4483236885972,96.9239249484163,-92.017100649611,1469.81353971885,-558.96823111692,37.1891585662405,39.7962291924273,48.1420924554012,27.0909801972575,1570.79230523757,-600.118099921143,14.8782471272764,29.0331022068585,40.8065324786173,28.6749379977456,0,0
382,1,1642.7640327553,-562.329153884229,36.9087657867573,50.6041153583965,53.2435935061633,16.5560791929629,1696.87621877864,-532.23995475941,23.8897122949973,25.1849725363286,69.3035361363584,-64.5654495790737,1470.07884791346,-559.099490896131,37.3697651008889,36.4716493880906,42.3808389047539,21.5859745479072,1570.98585925228,-600.151817226848,15.0694133805947,27.1393270295903,43.8948514497541,34.4994914770774,0,0
383,1,1643.10139352436,-562.072111191642,37.0191396480438,42.390097341297,48.938077143973,24.4543460747742,1697.04411859555,-531.654338120241,23.4592759644702,20.8290937487732,48.1202638268211,-43.3786657744067,1470.32199224272,-559.176065383198,37.513671597875,32.1815557801983,36.2992184102245,16.7922817019953,1571.16678809914,-600.166180339027,15.2994099904419,24.1239475546195,44.1871893298014,37.0208435242862,0,0
384,1,1643.3839941733,-561.843802997674,37.1821686218756,34.6795606348564,44.4441157982764,27.7958180894881,1697.18297922054,-531.155084587516,23.1700848593075,17.3005558397335,32.6790670940403,-27.7238560408369,1470.53653594792,-559.201300602204,37.6256201425549,27.2567963547544,30.1325454955017,12.8466863631804,1571.32761441617,-600.16244329751,15.5462156139371,20.3244307943351,42.0506238977713,36.8126674268261,0,0
385,1,1643.6151912442,-561.6462842984,37.3674740758055,27.6358995032524,38.9553483793082,27.4549854489017,1697.29831625947,-530.743165153743,22.9852591523685,14.5171273220626,22.1980526806541,-16.7930508582604,1470.71824792362,-559.180427623058,37.7112647183095,22.0244641312661,24.1194891326792,9.83222943955262,1571.46311062147,-600.142487575368,15.7916333967826,16.0789140571751,38.0410082902115,34.4758877257412,0,0
386,1,1643.79943057422,-561.48033229868,37.5505073121315,21.3876571692026,32.3845897286295,24.3172731346323,1697.39509710829,-530.416439769383,22.8733054799801,12.3947996894117,15.7728257653319,-9.75453603626946,1470.86507768449,-559.120029830282,37.7768129145731,16.7863881126209,18.5017276023753,7.78017341740877,1571.57030338185,-600.108624468108,16.0214726482875,11.7036837127444,32.76775670401,30.6063664449937,0,0
387,1,1643.94201495535,-561.345534727883,37.7126224663624,16.0227761761348,25.0340925373738,19.234771451184,1697.47772910622,-530.17010501453,22.8082752397383,10.8487552658175,12.2998721232041,-5.79580567562168,1470.97698693858,-559.027510856152,37.8286807373559,11.8034216044862,13.5599525101492,6.67469478734795,1571.64832793994,-600.063404293768,16.2255150912542,7.47633374222687,26.8302130996022,25.7675138254529,0,0
388,1,1644.04883346319,-561.240429945248,37.840854276037,11.5866152325225,17.4069686439355,12.99049286303,1697.55005414132,-529.997227856568,22.7696365352342,9.79467077738718,10.640448768776,-4.15735184505035,1471.05567641594,-558.910595309429,37.8731787026049,7.28535605379648,9.73666656345911,6.45958690145072,1571.69817016488,-600.009441272192,16.3972985167572,3.62450826354461,20.7869446535371,20.4685125956116,0,0
389,1,1644.12607756474,-561.16268390019,37.9274575617905,8.08319092099055,10.2310078875584,6.27180571527042,1697.61535194651,-529.889322871703,22.7419208562672,9.15013772997781,10.0502461368225,-4.15721384260568,1471.1042454563,-558.776887664641,37.9162426152812,3.38598853362555,7.81756438262343,7.04623264777844,1571.72233355331,-599.949261001742,16.5337552673946,0.319830941157306,15.1518209397757,15.1484450013889,0,0
390,1,1644.17996550421,-561.109289331085,37.9692695998923,5.47901473587444,5.48998831571847,-0.346942690939045,1697.67635286471,-529.836933723977,22.7142060973165,8.83606374690089,10.2560469963808,-5.20677226817874,1471.12681871319,-558.633507005258,37.9632174995997,0.202652788289015,8.3246142820051,8.322147246448,1571.72446575958,-599.8851753479,16.6347449007372,-2.3235999277631,10.4284182633661,10.1662574653314,0,0
391,1,1644.21649226912,-561.07677371186,37.9669566486194,3.70885529042653,7.4083719099851,-6.41314016620029,1697.73525995635,-529.830185188027,22.6794942821953,8.7779853690563,11.1151897363308,-6.81868137804269,1471.12816973178,-558.486807440517,38.0186984812427,-2.22061396713116,10.3993375973093,10.1594830612484,1571.7089750934,-599.819187423252,16.7025199505061,-4.24691910551473,7.1855601876687,5.79620162881032,0,0
392,1,1644.24121797105,-561.061404134722,37.9242023808447,2.68275614832874,11.9031683219338,-11.5969062921494,1697.79377985881,-529.859278836324,22.6340364063417,8.90726719798067,12.387037588793,-8.60809452143432,1471.11336563866,-558.342186582137,38.0864283683177,-3.88715947622131,13.0169613909553,12.4230139281917,1571.68066229936,-599.752927296816,16.7411612946981,-5.44124885644806,5.87978615850153,2.22815981291937,0,0
393,1,1644.25910301204,-561.059379322626,37.8468896722304,2.29367477199958,15.8524202077831,-15.6856074949115,1697.85316164013,-529.91491298855,22.5766491095321,9.16218367635793,13.7767275908694,-10.2884699248092,1471.08745124215,-558.203978005644,38.1692484611723,-4.83994889568748,15.7398661279138,14.9772587749489,1571.64438730698,-599.6876172403,16.7560156934509,-5.94035662863917,5.95574810008378,-0.427900170874373,0,0
394,1,1644.27439417719,-561.067001109598,37.7423189555976,2.4251703908817,18.7309522286959,-18.5732904992324,1697.91424286464,-529.988615025046,22.5080593100334,9.48888095533675,15.0356496991891,-11.6632714146663,1471.05518491618,-558.075418517976,38.2690968530053,-5.15277371605407,18.4276229472562,17.6925467504649,1571.60478492946,-599.624063800001,16.7531630256451,-5.8120330395468,6.19148683734104,-2.13419333805156,0,0
395,1,1644.2905619798,-561.080819867923,37.6184970189361,2.95865096722991,20.4615174829439,-20.246483204718,1697.97750207101,-530.072981197251,22.430304167269,9.8422026848425,16.00008714748,-12.6148260010764,1471.02083309141,-557.958677530523,38.3870471646751,-4.92117128276277,21.0337481698847,20.4499544077692,1571.56603804253,-599.562672849009,16.7389350700581,-5.14892812227572,5.91681300858836,-2.91499834823945,0,0
396,1,1644.31028631958,-561.097750396673,37.483520464238,3.77978483577408,21.1089264314771,-20.7677635214957,1698.04311675558,-530.161825251123,22.3462053272618,10.1863422270753,16.5876070948904,-13.0914911743224,1470.98802528286,-557.854933949274,38.5233801940602,-4.25366135795002,23.5327759116154,23.1451486743591,1571.53171185505,-599.503483063864,16.7195017477365,-4.05947743265642,4.95716850045729,-2.84502416785504,0,0
397,1,1644.33548488515,-561.115156648223,37.345068707428,4.78378445449152,20.8155284066591,-20.258371828491,1698.11102570376,-530.250242265625,22.258928719433,10.4952620166728,16.7811506650747,-13.0941396374608,1470.95966754047,-557.764485642847,38.6776811852226,-3.26376158704988,25.8977214696499,25.6912404843064,1571.50464867216,-599.446212983513,16.7005349199508,-2.65942777225519,3.34996051634043,-2.03707618541813,0,0
398,1,1644.36737678151,-561.130905316007,37.2100128952381,5.87937228125384,19.7751818717292,-18.8809639488664,1698.1809941172,-530.334597963484,22.1716344551832,10.7528049943198,16.6123277051956,-12.66280445,1470.93790912989,-557.686877510751,38.8489561217846,-2.06309433932574,28.0966380166318,28.0207906666583,1571.48691915368,-599.390316910058,16.686954412048,-1.06434531119248,1.23669154175646,-0.629742032894853,0,0
399,1,1644.40657259672,-561.143389713094,37.0841398022456,6.991337455554,18.2182674589021,-16.8233905556121,1698.25267948383,-530.412456342016,22.0872157588499,10.9524179582422,16.146629742149,-11.8641558021642,1470.92415516763,-557.621036137735,39.0357613928957,-0.755754309011536,30.0966044968587,30.0871141465038,1571.47982351827,-599.335045332719,16.6827561318287,0.616634735047228,1.37081986205471,1.22429926804557,0,0
400,1,1644.45318151309,-561.15152652431,36.9719838652082,8.06168326604393,16.4020763948495,-14.2841651131757,1698.32569560355,-530.482459847202,22.0081213868355,11.0964150452901,15.4707961795644,-10.7803111073977,1470.91911680557,-557.565401630005,39.2363421538724,0.566020950054735,31.8700335394436,31.8650067956899,1571.48393441651,-599.27950620898,16.690918126949,2.28567168951486,4.07106714697127,3.36887112292814,0,0
401,1,1644.5069260682,-561.15472890946,36.876756097787,9.04944692273375,14.6022433726334,-11.4600620376262,1698.39967170385,-530.544176589702,21.9362526461195,11.1947320497052,14.6819307999578,-9.49931925719163,1470.92289027857,-557.518050126517,39.4487755325103,1.82493933327805,33.4008725218779,33.3509802202663,1571.49917222777,-599.222724219365,16.7133772677685,3.85965128193675,6.8453252209211,5.65345640843038,0,0
402,1,1644.56725571435,-561.152860072374,36.8003556842028,9.92934332856521,13.0941422687026,-8.53608240450505,1698.47430325085,-530.597928440375,21.8729238510715,11.2631578060814,13.8776970574478,-8.10751206311799,1470.93505654079,-557.476803334548,39.6711154006454,2.96063878788573,34.6896146369062,34.5630435816165,1571.52490323632,-599.163695925454,16.7510669771581,5.27222517717973,9.53158970956002,7.94070803345033,0,0
403,1,1644.63345133654,-561.146171795797,36.7434484681728,10.6894423015547,12.1038054118109,-5.67784543015364,1698.54939096956,-530.644612440963,21.8188737706507,11.3210748369625,13.146851448805,-6.68378392475706,1470.95479413271,-557.439323980551,39.9015356911895,3.93075036130313,35.7567393467751,35.5400282823513,1571.56005140417,-599.101439516898,16.8040050307144,6.47456565301354,12.0073748456767,10.1122228164439,0,0
404,1,1644.70471428522,-561.135232587228,36.7055961653051,11.3281333254122,11.7254080154683,-3.02631599323249,1698.6248648018,-530.685526035728,21.7743152111524,11.3887942263887,12.559839329838,-5.29574641201052,1470.98099913512,-557.40319809573,40.1384692130719,4.71123510563984,36.6445334799313,36.3404196142696,1571.60321517519,-599.035038465366,16.8714198494907,7.43499560013561,14.1783866749929,12.072592477657,0,0
405,1,1644.78023517405,-561.120850004034,36.6854207253502,11.8506628598993,11.8710053964896,-0.694664598556471,1698.70079009665,-530.722204388501,21.7390102350723,11.4846247234027,12.1604885797453,-3.99760896796106,1471.01240736916,-557.366006455003,40.380738677167,5.29617399505469,37.4173604616019,37.0406453092755,1571.65278181252,-598.963678870342,16.9519037993417,8.13769269607292,15.9792017046608,13.7518305945978,0,0
406,1,1644.85923959312,-561.103991453229,36.6807896280265,12.265545964965,12.3273664614289,1.23302313672262,1698.77735426147,-530.756275703883,21.7123595086192,11.6218682648878,11.9613644387011,-2.82956132095027,1471.04771519579,-557.325388225858,40.6276763125622,5.69714901057523,38.1604503873862,37.7327770899448,1571.70703309716,-598.886680569618,17.0435826699724,8.58069272800321,17.3732481001418,15.1063384662423,0,0
407,1,1644.94100989955,-561.085707324732,36.6890097822713,12.5811558489204,12.8679320436933,2.70151671960122,1698.85483338324,-530.789338207967,21.6934957664796,11.8059778547376,11.9451920478816,-1.81837838587509,1471.08569618919,-557.27910000346,40.8792281598285,5.94229565305113,38.9772577606769,38.5216269764658,1571.76423771535,-598.803522208701,17.1442915930807,8.77343164119111,18.3516446590374,16.1186152919202,0,0
408,1,1645.02488427188,-561.067059755225,36.7070198937354,12.8027812401115,13.322010516785,3.68303634616609,1698.93353990227,-530.822860418749,21.681373243907,12.0321432944365,12.0719007014819,-0.978935283144011,1471.12531149355,-557.225073012401,41.1360390063382,6.07504285303548,39.9854503804878,39.5212613217776,1571.82272725962,-598.713860451223,17.2517490283602,8.73406941282155,18.931126511497,16.7959394642372,0,0
409,1,1645.11023614681,-561.049059674222,36.7315734693765,12.9304116900471,13.58772438394,4.17500987541466,1699.0137541909,-530.858104666101,21.6748470086861,12.2835801498923,12.2876520431584,-0.316309081290633,1471.16581177923,-557.161470483768,41.3995140818168,6.15249736669057,41.3117166397314,40.8510062039397,1571.88095438904,-598.617543415005,17.3637219581217,8.48683124730769,19.1513735504375,17.1682498889117,0,0
410,1,1645.19643889141,-561.032614096287,36.7594068685459,12.9574649845722,13.6203229736282,4.19729663944892,1699.09564472523,-530.896072576698,21.6727382814775,12.5307829357325,12.5319612118496,0.171845374846313,1471.20682842835,-557.086746224025,41.6718541231764,6.24338743924682,43.0858224141229,42.6310709035651,1571.93753326402,-598.514618290138,17.4781769573811,8.05958253682775,19.0720574682041,17.2854420077284,0,0
411,1,1645.28282199131,-561.018484931397,36.7873888461422,12.8706095035227,13.4167860241662,3.78913687085749,1699.17918327813,-530.937470442536,21.6738839173098,12.7319618176443,12.7415002671111,0.49292730786572,1471.24845101127,-556.999704329738,41.9560612625335,6.42546340571926,45.4346114298113,44.9779650028734,1571.99126381427,-598.405332990309,17.5934132374327,7.48182322871571,18.7698868047471,17.2142665204554,0,0
412,1,1645.36862605467,-561.007259921542,36.8126497586146,12.6507594450572,13.0029965705944,3.00602815658557,1699.26406302359,-530.982692016216,21.6771700993622,12.834812627932,12.8516306581382,0.657263553740073,1471.29128743398,-556.899558997994,42.2559143625526,6.78226577280157,48.476713807732,47.999923464354,1572.04114263579,-598.29013165251,17.7081750142357,6.78324474877172,18.3358419285894,17.034984294342,0,0
413,1,1645.45296445097,-560.999335700214,36.8326899463252,12.2752354743284,12.423969581868,1.91666747793455,1699.3496284411,-531.031816253973,21.6815518563872,12.7796751462711,12.7975627070062,0.676398104327269,1471.33650253913,-556.78599253149,42.575913852315,7.39921471025582,52.3184439769638,51.7925786367336,1572.08636426745,-598.169643865107,17.821741576198,5.99293932459659,17.8726042410326,16.8378935917852,0,0
414,1,1645.53479935413,-560.994912429651,36.8454677295114,11.7209921808922,11.7363409431068,0.600034189284671,1699.43482627541,-531.084617759532,21.6860611770827,12.5040200581225,12.5166391651354,0.561906020855218,1471.3858306372,-556.659208994644,42.9211977098932,8.35904527070852,57.0508289298123,56.4351259743518,1572.12631719628,-598.044667684041,17.9339942001432,5.13928957165035,17.4918369352483,16.7198104674677,0,0
415,1,1645.612939302,-560.993999009449,36.84946795744,10.9687225237735,11.0021796069847,-0.85736940743999,1699.51818640913,-531.140588053516,21.6898072172217,11.9480791395972,11.9524923423648,0.324773872426398,1471.44155760567,-556.519980557272,43.2974318830555,9.73670321948248,62.7472622860998,61.9872207379579,1572.16057912676,-597.916146785426,18.0454596032597,4.25049928494445,17.3105098501131,16.780554433616,0,0
416,1,1645.68606411883,-560.996427477067,36.8437521613904,10.0075646272899,10.2830233495797,-2.36415300660049,1699.59784027006,-531.198966189036,21.6919723763712,11.0613063828509,11.06133389936,-0.0246726129899955,1471.50646896047,-556.369683346184,43.7106800213086,11.593917861876,69.461234356967,68.4868173227926,1572.18891578866,-597.78514247461,18.1573299661504,3.35565976535008,17.4452515400047,17.1194727965919,0,0
417,1,1645.75278121634,-561.001874941852,36.8279911413464,8.84006406960225,9.63274342062939,-3.82661901069419,1699.67158231262,-531.258777552443,21.6918078922846,9.80924136238173,9.82080142550694,-0.476365966226311,1471.58376174621,-556.210319572219,44.1672588034605,13.9737701264607,77.2239318693435,75.9491237725218,1572.21128685376,-597.652801684696,18.2714597847944,2.48618597801169,18.0045115930277,17.8320306467381,0,0
418,1,1645.81171497681,-561.009891215065,36.8024803479417,7.48699048750723,9.08800046203147,-5.15138096415519,1699.73697725503,-531.318879851154,21.6886321191765,8.18025153841972,8.24356550244691,-1.01973376982158,1471.67692021372,-556.044522764916,44.6735862952774,16.8956654772842,86.0419639620307,84.366794715238,1572.22786142695,-597.52032249873,18.390339989106,1.6774098574615,19.08037588883,19.0064999468376,0,0
419,1,1645.86162824672,-561.019930222213,36.7681378081807,5.99157488916262,8.65666943281542,-6.24811619743078,1699.79151226529,-531.378015251607,21.6818338940443,6.19156767024833,6.40578139169609,-1.64271878997457,1471.78955798357,-555.875543092944,45.2360315933789,20.3511916230241,95.8957924309412,93.7114294282246,1572.23904415933,-597.388919061794,18.5170499887516,0.970089885379366,20.743495412734,20.7207993946277,0,0
420,1,1645.90157207932,-561.031383308152,36.7264837001978,4.42272613630621,8.30765117764632,-7.03253593042241,1699.83278938309,-531.43486737968,21.6708824354445,3.89400415970158,4.53824102047605,-2.33074304979297,1471.92523259439,-555.707209960164,45.8607744562338,24.3013813523135,106.739534845917,103.936380365549,1572.24551142523,-597.259787958617,18.6551886513824,0.411590866724509,23.0432401177009,23.0395639733144,0,0
421,1,1645.93105692023,-561.043612658635,36.6796001273283,2.87680314072531,7.96714081590542,-7.42962559419915,1699.85874941082,-531.488121461938,21.6553441484459,1.37477900466365,3.35991439707344,-3.06578007104186,1472.08724180341,-555.543869357803,46.5536836586708,28.6759038965897,118.502720682636,114.980812942423,1572.24825536434,-597.13407817631,18.8087857445378,0.0565077034252681,26.0116166153294,26.0115552365162,0,0
422,1,1645.95023560783,-561.055983243871,36.6300692900337,1.47756423051533,7.52367690444262,-7.3771619276755,1699.86791460419,-531.53652533513,21.6349056146389,-1.24208237130006,4.02227269394015,-3.82569065755742,1472.27841449605,-555.390293866513,47.3202224116203,33.3746690327075,131.094399230346,126.774890954489,1572.24863208237,-597.012866625105,18.9821961127813,-0.0334484490622344,29.6675742065303,29.6675553509425,0,0
423,1,1645.96008603604,-561.067891914296,36.5808882105159,0.3739873192103,6.83968619796174,-6.82945391460095,1699.85963405504,-531.578948480297,21.6094010102552,-3.79816097922685,5.95304034954966,-4.5839570874131,1472.5009122896,-555.251563810635,48.1653883513168,38.2722442721047,144.409777967571,139.245895059852,1572.24840909271,-596.897140848401,19.1799798151209,0.209583208754793,34.0195598462517,34.0189142538575,0,0
424,1,1645.96257928483,-561.078792520912,36.5353585177518,-0.264245961977849,5.76724201402676,-5.76118516625996,1699.83431298185,-531.614435762036,21.5788412963391,-6.10612410451949,8.09197101145333,-5.30991932805076,1472.75606058475,-555.132918961799,49.0936943183825,43.2253572751847,158.339325584446,152.325016051106,1572.2498063141,-596.787790035809,19.4067725768133,0.857761958263836,39.0663524658144,39.0569345879346,0,0
425,1,1645.96081764508,-561.088216173589,36.4969506166434,-0.253682821914936,4.1788675354167,-4.17116037865064,1699.79360548782,-531.642252288062,21.5434418341521,-7.95833515453523,9.94841371087964,-5.96957594230165,1473.04422963325,-555.039581462961,50.1091944253899,48.0835862439903,172.779999512189,165.95450269682,1572.25552472715,-596.68560479965,19.6671521407328,1.98487168611337,44.7972729400455,44.7532786201704,0,0
426,1,1645.95912642627,-561.095785982439,36.4691428807858,0.593621555128721,2.16851649569909,-2.0856838785889,1699.74054992012,-531.661915845709,21.5036446612034,-9.13845206133601,11.2299847224889,-6.52696336668122,1473.36478687488,-554.976552366558,51.215557776702,52.7031364690401,187.647951357608,180.094789083508,1572.26875720506,-596.59128544475,19.965507331534,3.66298242647645,51.1927778837463,51.0615615428858,0,0
427,1,1645.9630839033,-561.101225850599,36.4552383215952,2.45871965562401,2.49756285556225,0.438768586537819,1699.67962690638,-531.673213780876,21.4601315720922,-9.43565653280984,11.7166354240965,-6.94607309607633,1473.716141118,-554.948386371302,52.4161897039254,56.963370108474,202.891742267876,194.731182778669,1572.2931770879,-596.505457723704,20.3059177418199,5.95869649212091,58.2259557386024,57.9202542966488,0,0
428,1,1645.97947536768,-561.10436310738,36.4581634455054,5.50270876913146,6.42356821535429,3.31397417301851,1699.61672252949,-531.676201975783,21.4138244181184,-8.66093992777905,11.2585155240068,-7.19321147831096,1474.09589691873,-554.958951946357,53.7143975891166,60.7855098299865,218.50481233477,209.879667448187,1572.33290173119,-596.428694399635,20.6920527704642,8.92930651067445,65.8650348191582,65.2569559278346,0,0
429,1,1646.0161600928,-561.105124993256,36.4802566066589,9.85260704909479,11.7596323815185,6.41989782508929,1699.55898292998,-531.671184719743,21.3658696749296,-6.66466498906857,9.84024361398976,-7.2396571028019,1474.50113365093,-555.011186904358,55.1135953721045,64.1526885016901,234.535780058512,225.591366602669,1572.39243044126,-596.361540406976,21.1270991433164,12.6192510672922,74.0767929798383,72.9940118138362,0,0
430,1,1646.0818441398,-561.10352923201,36.5230559254928,15.5869712855065,18.3095425209208,9.6065432633285,1699.51455183005,-531.65867567085,21.3176052942443,-3.35443592181264,7.82038637438611,-7.06443222708923,1474.92881824094,-555.106862389281,56.6175378161223,67.1302819298148,251.095220314037,241.955233282065,1572.47655878171,-596.304539066122,21.613725888742,17.0572865835425,82.8306782736802,81.0553529243123,0,0
431,1,1646.1857572817,-561.099669143554,36.5870995472483,22.7222266464423,26.0296122088546,12.6980757585965,1699.4921889239,-531.639341657723,21.270509079397,1.28784840142089,6.78041035513177,-6.65698212998471,1475.3763534538,-555.246370866199,58.2305727046694,69.8852564946492,268.358010267021,259.098576991753,1572.5902740256,-596.258256708611,22.1540949082374,22.2547974362328,92.1034453012192,89.3743174934887,0,0
432,1,1646.33723879268,-561.093693953483,36.671753385639,31.2008145406821,34.8385507831948,15.4994771741244,1699.50077457991,-531.613932627628,21.2261291985305,7.19100339142642,9.37792798842229,-6.01955177571618,1475.84225516377,-555.428555670873,59.957896551281,72.7031063511959,286.56121504919,277.185115576855,1572.73863934184,-596.223303218966,22.7499236915274,28.2056379819664,101.884142853044,97.9020967647253,0,0
433,1,1646.54524422295,-561.085785134638,36.7750832334665,40.8823546248186,44.5916504928699,17.8058522404527,1699.54871460252,-531.583202464602,21.185998853359,14.1829495475008,15.0955374765393,-5.16906121444194,1476.32694253944,-555.650600618656,61.8057973217934,76.0008640544697,305.99873203729,296.410345081617,1572.92667692838,-596.200346383865,23.4026043366255,34.8878400663352,112.179334460636,106.616329403788,0,0
434,1,1646.81779325378,-561.076129773383,36.8937889150695,51.5390461710581,55.0743961157424,19.4143201604188,1699.64326759951,-531.547826549666,21.1515384452627,21.9838258411187,22.3699388989383,-4.13830493434144,1476.83361496647,-555.907997735506,63.7818662890042,80.3346619314084,327.015213582703,316.994151376499,1573.15926252883,-596.190118520412,24.1133798659841,42.2674298020411,123.018481089586,115.529264983026,0,0
435,1,1647.16138689492,-561.0648921046,37.023217716139,62.8564883499507,66.0036772866757,20.1382046785739,1699.78982643845,-531.508322722443,21.1239497457005,30.2051257518428,30.351411141152,-2.97632937938754,1477.36917937935,-556.194609086826,65.8951606315142,86.4004150238884,350.002600937632,339.170737161694,1573.44104539417,-596.193414575268,24.883574965871,50.3044817248906,134.459448260446,124.694836881459,0,0
436,1,1647.58043015059,-561.052184534659,37.1574724139961,74.4409657244887,77.0351109874559,19.8229903610716,1699.99119394346,-531.464982685595,21.1041075498379,38.3560440047745,38.3958482859687,-1.74787124895523,1477.94518214617,-556.50283478835,68.1562988792588,95.0264016205665,375.402311400216,363.176098332023,1573.77640860567,-596.211081676803,25.714873878414,58.9614020603221,146.594095039016,134.213940287099,0,0
437,1,1648.07670325542,-561.038039708732,37.2896256830699,85.834014277782,87.7763481211268,18.3632590365317,1700.24690090349,-531.417820873597,21.0924550748448,45.8580270920493,45.8611101279686,-0.5317644163922,1478.57869149031,-556.823893588087,70.577472868139,107.156839687252,403.714332883302,389.23344445673,1574.16948461941,-596.244000912904,26.609633480328,68.2132817407592,159.553831165306,144.2372116816,0,0
438,1,1648.64893001727,-561.022385510636,37.4120474099801,96.5347487536746,97.80625161801,15.7195781950534,1700.5526210841,-531.366547420731,21.0889099787356,52.0682303095555,52.0714801381334,0.581752702707838,1479.29307042156,-557.148215089243,73.1723624978505,123.825994202366,435.511324318715,417.537108254628,1574.62423983101,-596.293062833498,27.5712148915387,78.0600003912809,173.514867964919,154.964659660828,0,0
439,1,1649.29249500896,-561.005025321502,37.5168445979472,106.029994400296,106.699496713572,11.9341060160643,1700.8997426195,-531.310571152578,21.092788330087,56.3121877234721,56.332025696413,1.49486884300067,1480.11857704958,-557.465934109441,75.955943219548,146.122889328831,471.452083949083,448.235617364492,1575.14463983362,-596.359138787205,28.6043126226109,88.5396013781815,188.702639798971,166.641607214083,0,0
440,1,1649.9993616383,-560.985626385114,37.5964053047209,113.831734241432,114.055660782629,7.1435310701407,1701.27515720432,-531.249037519063,21.1027541223736,57.9254946535684,57.9638084774233,2.1071692734143,1481.0927296451,-557.767468390203,78.9441806686446,175.147318114318,512.285755011642,481.414698306158,1575.73490384281,-596.443050658412,29.7152566707048,99.7423022097109,205.394583719389,179.550572739738,0,0
441,1,1650.75823986657,-560.963719670272,37.6440288451885,119.520776039963,119.531323698575,1.58790425988364,1701.66132716868,-531.180905087349,21.1168019175297,56.3036907115247,56.3515376477962,2.32168204799077,1482.26037843253,-558.044151584459,82.1536119906857,211.958508434645,558.837373857783,517.081039221536,1576.39985252421,-596.545541852375,30.9122604889697,111.824361779395,223.92024352214,193.998937037411,0,0
442,1,1651.55504504017,-560.938715085627,37.6546148735878,122.794891978151,122.873197890303,-4.38603053611786,1702.03668510676,-531.105062598833,21.1322797978497,50.9588343837663,51.0001267507576,2.05185936194958,1483.67343515543,-558.288884969244,85.6008189188293,257.518475318636,611.967873485557,555.147649772562,1577.1453482694,-596.667252472027,32.2055867358857,125.020904763221,244.657661819164,210.30250797127,0,0
443,1,1652.37367765336,-560.909936167685,37.6253746700136,123.51903114569,123.950083819237,-10.328224611516,1702.37641066932,-531.020486638705,21.1459588602627,41.5805114464661,41.5986777565755,1.22925137612757,1485.39022499089,-558.496764514981,89.3018032506463,312.632717332008,672.507341404513,595.421622295136,1577.97882096782,-596.808701539742,33.6076034556942,139.656713546844,268.025375189225,228.765390972104,0,0
444,1,1653.197137861,-560.876678297113,37.5565198392702,121.774602739379,122.782037996838,-15.6963365892604,1702.65361407896,-530.926437656426,21.1541538694368,28.0982668209504,28.0988989995068,-0.188485127176463,1487.47444310643,-558.665635628338,93.2712807326139,377.891444614806,741.167561782222,637.595020938164,1578.9098657248,-596.970278843397,35.1327060621749,156.153949804468,294.470060602966,249.656885649041,0,0
445,1,1654.00896854593,-560.838293979629,37.4518775953418,117.904336191259,119.567726711391,-19.8748277534268,1702.84093585777,-530.822689435659,21.1528973019223,10.7417520358354,10.9666814824335,-2.20972078276329,1489.99371940386,-558.796526807517,97.521914205535,453.614904254437,818.44593824837,681.239511826416,1579.95089205683,-597.152248532265,36.7970852998352,175.035772087904,324.450844796235,273.186436666577,0,0
446,1,1654.79499745387,-560.794307658875,37.3193787436523,112.54890586124,114.717856574903,-22.2020360908111,1702.91254753801,-530.709784220777,21.1381658300372,-9.9056943669666,11.0081471889712,-4.80172090424897,1493.01781876556,-558.893916160856,102.063510951044,539.806545008901,904.535407986344,725.805206833469,1581.11779720409,-597.354765957644,38.6183282109457,196.924882858752,358.422168541642,299.477948124999,0,0
447,1,1655.54532349294,-560.744560855719,37.1713651697135,106.671422419458,108.917350560591,-22.0044743665479,1702.84650957556,-530.589302705064,21.1061543573422,-32.8646967273244,33.7973429849782,-7.88492877997342,1496.61652906562,-558.965791538607,106.902212329934,636.117697450175,999.25328699435,770.624037102205,1582.43062975648,-597.577908448963,40.6148478651124,222.536177073789,396.817549495045,328.545000693414,0,0
448,1,1656.25646630907,-560.689386155107,37.0246686739366,101.566091697339,103.261828663215,-18.6369062936674,1702.62741159738,-530.464135177363,21.0535881654758,-56.7335006375856,57.8536557296735,-11.3294036335834,1500.85731371529,-559.023475889007,112.039705910616,741.827111319662,1101.9975046787,814.917810106765,1583.9142042703,-597.821719745159,42.8051478697351,252.662880356149,440.036410073495,360.268665138259,0,0
449,1,1656.93357358705,-560.62980576009,36.9004226319788,98.8478602216219,99.517586418009,-11.5260806900089,1702.24918825979,-530.338737568154,20.9780588079185,-79.6822014453937,81.0732998540533,-14.954154006193,1505.80282779075,-559.081203979876,117.472491311327,855.838082136893,1211.73364962234,857.810943501727,1585.59862347268,-598.086266678514,45.2069389706568,288.155858935249,488.435376001255,394.379661608932,0,0
450,1,1657.59255932187,-560.567747147487,36.8235820940454,100.420718478631,100.420949521214,-0.215413504188433,1701.71797358349,-530.219354228638,20.8783644478772,-99.4715032133172,101.182717268744,-18.5300383801462,1511.508415005,-559.155454041067,123.191230934672,976.69502875616,1327.01235677074,898.347714320709,1587.51966253225,-598.371705462572,47.8361367147164,329.896150769684,542.324353229509,430.446551633477,0,0
